1
442596302
243018231
991988244
682068937
920506
13861986
601914946
159961700
601914946
625744671
807454395
165619737
571799092
571799092
671716397
200848353
283534202
523210856
981660875
136214699
491700613
568172326
974734295
978731571
978731571
635115760
538235026
644090137
181866583
632946873
924497813
591304233
37811866
37811866
194849451
14293210
940131510
624814037
971883121
122798322
4354611
141050504
403132634
30664101
802308679
429963467
227267457
466056437
763957043
824313771
824313771
47030153
756125132
12389875
12389875
211224980
