1
1
195756904
326772901
242959695
868129986
85728917
150218830
85728917
83749247
760737633
83749247
988720023
150218830
895939090
195756904
150123993
440670143
440670143
866749283
50984693
535298876
50984693
868129986
41431063
805676698
535298876
243063225
763346803
274715853
274715853
243063225
55503014
626887239
200849526
580716729
580716729
29207076
554561614
200849526
137741774
554321673
554321673
554321673
6610333
837062584
271341937
779074633
255389820
549785702
549785702
549785702
325373912
345500987
207512666
62107032
243244683
145156588
119724853
119724853
880939661
57006105
119724853
19207761
682805501
678202441
620508247
678202441
353328102
189304417
964780825
365040374
19207761
678855474
515256892
421452599
991793443
542108721
542108721
63636850
388238406
986611394
986611394
634794695
724461325
272791182
634794695
541025542
607687214
245115443
724461325
607687214
