1
1
1
1
1
1
1
1
1
1
1
1
1
1
1
1
1
1
1
1
1
1
1
1
1
1
1
1
1
1
1
1
1
42874
1
1
1
1
1
1
1
1
1
1
1
1
1
1
1
1
1
1
1
1
1
1
1
1
1
1
1
164708
1
1
1
1
115830
1
1
1
1
1
1
1
87914
1
1
10541
1
1
1
1
1
1
1
1
1
168746
1
1
60489
1
26353
26353
1
1
1
72722
92343
1
1
1
1
56816
1
1
1
143871
1
1
1
1
142236
1
121816
1
105102
60891
1
105102
1
1
1
1
139626
1
1
1
1
1
1
1
1
1
1
60891
83915
1
1
143131
1
198665
166170
1
110352
1
166833
1
1
1
1
1
1
1
25183
1
1
1
123500
69616
1
1
191621
1
49883
165891
1
25183
1
106652
1
1
143871
1
70540
1
1
108721
1
1
1
1
1
1
1
141860
1
1
19385
1
1
139626
167186
29557
1
25183
1
1
142369
1
1
10541
1
116617
102461
1
58419
1
1
1
1
115287
1
1
1
87941
1
101121
1
1
1
1
1036
1
128549
70376
1
15140
51646
1
1
143871
125897
136739
1
1
1
72781
1
1
123500
1
188725
128549
98836
1
1
138794
1
1
1
1
198341
142236
107553
1
133502
160597
1
198782
67307
13808
1
2470
165959
1
1
1
1
110888
1
1
75364
110104
2131
1
1
1
1
1
64519
1
1
1
1
31666
132995
134725
180494
128549
80383
198665
130867
1
175253
149031
169741
1
99433
1
1
1
89757
58419
10541
1
176211
1
1
1
36149
145580
197011
156618
1
167113
77295
91601
79756
1
1
1
1
197996
198432
1
68083
174683
175253
137976
1
53629
132328
129194
18598
1
198665
94018
1584
149031
102685
114739
1
161602
38763
177558
167864
137788
1
196810
1
1
156618
2131
61002
1
188989
1
18202
1
17613
137976
1
1
141497
68083
1
1
77295
1
105102
14903
1
70376
117075
47235
24531
141497
90662
77295
1
52999
175253
184746
142145
198453
113462
14634
73775
119454
67307
34938
52575
132328
1
166698
1
128549
1
1
156992
44650
132995
107553
38533
90662
53887
102475
175764
162245
183355
102392
1
36717
1
132995
186435
1
1
1
75149
125879
1
1
117075
7874
165715
142230
147520
70816
1
1
154670
67282
38763
1
142839
77295
161602
142230
1
132328
132995
1
185381
102392
106060
97968
99069
26108
173065
65560
78927
4573
65560
54238
82324
28867
65314
165715
188114
1
167976
112840
147989
183355
83310
10724
142230
110888
102392
1
186435
142230
1
1
114072
139901
145564
23717
1
142206
129194
118808
116617
176386
99789
28867
1
22077
147520
192904
22077
116617
137620
43931
154670
1
108721
63936
197853
159425
115287
16099
1
22077
59207
83310
155676
186223
1
1
137456
25532
116805
1
131211
100772
190591
133373
138225
1
1
9147
1
14198
1
10135
45459
1
175253
159425
175253
70816
63123
60680
66521
103953
4573
1
61929
35912
36658
167976
1
58419
1
80800
14198
64766
26108
25563
64736
18104
1
118621
1
97650
130655
45407
142369
1
87941
7874
1
1
64766
174371
1
1
1
30416
97312
1816
114000
1
97936
101121
177117
143279
87914
36149
912
137456
87994
124346
52575
88105
1
134243
51452
1
88638
1
198432
1
1
150157
1
55683
195511
194821
1
174937
1
118621
19999
143131
1
88856
1
58471
149657
509
182445
27479
88658
75604
41628
1
1
186696
70932
72987
137414
2588
17613
45459
9895
27934
75482
158045
91912
140838
61191
115754
70681
1
17159
1
73928
60891
36722
186696
83549
1
87926
163773
67498
121856
31988
137976
195696
103758
163773
180795
134725
129035
1
104490
111970
178653
151038
56448
74515
177609
1721
9962
128272
1
1
196685
55565
134139
1
176211
9527
97304
134139
74515
18738
1
166936
133061
115241
27056
43931
13965
1
7526
27056
125253
18104
194573
182445
22441
183825
9527
157568
97304
93950
103987
133398
22441
82324
159024
72893
1
37706
85020
177558
26183
42976
145402
101370
1
25563
72291
11837
142212
134243
1
45459
129850
103758
163373
157713
73266
108821
38533
1
1
121856
163373
45987
1
1
84938
60680
32074
177117
97304
31988
127946
88707
12905
111623
177585
44650
16730
189621
11837
19983
176833
37029
161581
7526
110819
97304
66933
20455
140738
1
100759
140838
75482
133061
104512
14634
112983
102392
88638
75482
121856
164708
121842
83549
1
156330
27776
49016
11837
84189
108821
21309
51737
174371
1
20429
69616
17534
25072
104461
51318
108683
30416
1
509
100777
160414
2588
23592
1
5073
97650
45459
138082
77294
20429
26970
84130
166085
9147
132522
37706
194558
184746
1
83119
57515
38292
18410
183355
1
68288
1
18476
51318
9257
127165
129850
1
178522
74515
187836
111623
79090
59524
112953
132522
45459
7526
26359
98266
185381
132969
38257
112840
88105
1
1
1
49481
46890
129850
152344
13367
73277
27056
105909
189621
26359
131081
71657
132250
125253
104963
45987
173655
131081
17571
104726
155421
97724
6346
62605
37639
1
8700
70765
103758
1
171276
171951
106813
192254
159633
37639
1
66521
162655
58645
47235
41032
57764
55293
18202
84938
139345
85450
174118
158608
6346
1
57993
1384
106232
133371
78984
132522
42242
37074
60489
70515
127851
185559
27533
70816
55293
37639
88323
121856
26714
160797
66180
20455
89336
164115
20631
14788
101736
162350
1
1
125664
127046
1
1
97724
147483
36135
171276
107606
21309
124346
141860
123706
64285
113957
17331
74018
162763
159024
117729
116364
155421
171272
24392
175711
163373
20353
74883
1
167934
64675
4948
158926
159993
79798
185381
53298
167092
177609
12650
121842
1
18031
199373
41768
127946
37745
178653
79798
1
194821
101736
175953
79798
55683
113186
14182
49317
70436
12905
58315
129846
177585
64643
42874
137456
161581
44406
66897
80800
116034
164296
173439
74018
71527
150005
1
66716
108683
100
30994
84348
97936
82379
185186
18593
195348
56174
185559
174770
100759
631
90092
73266
138292
27056
156931
180864
1
102475
151784
51318
49481
176833
104512
147654
30994
99170
1
177117
121608
1
102526
6346
74515
14716
83549
89782
1
142369
60252
126389
73409
175953
80899
51737
58645
936
28534
49317
152369
4112
106232
131871
173439
18661
18598
196810
1
1
180829
29639
42845
189059
175949
171276
152369
4112
94521
144212
1
509
60302
178653
71657
119988
114748
64216
14182
73266
140934
64675
9257
139958
77294
129846
1384
167260
28474
43536
159993
166103
60886
98523
42849
197853
196261
97358
124558
35297
172439
181541
137788
181541
42849
145059
1816
34402
125897
103702
86272
51737
19815
130967
54423
196053
145559
74018
164093
19197
62466
167078
1
16730
38257
73563
109357
89993
82379
1
70545
142529
11961
117075
102973
142007
95347
35029
13367
64643
86522
154781
1
46555
65174
68083
169340
126735
71236
164926
64216
84189
16730
33716
151038
189055
84457
130268
142423
98247
25093
13893
135656
97650
34803
9723
43539
150904
100192
92752
58076
170130
34473
70515
1
165715
60302
1
154781
84348
123015
6762
56674
163941
98636
53103
1219
147520
187236
60253
2023
177585
127673
100335
121142
25961
42955
74536
127673
126735
189454
77684
58112
1
105635
106813
1
1
1
119540
1219
1
1
60247
42579
96298
79756
51517
143487
1
194988
170130
59346
98636
166103
24296
69980
174094
125706
177072
11961
23592
38503
19197
61710
86201
199162
175953
113998
14788
62219
111988
37706
19815
88323
30384
164093
81791
120546
177348
27934
1
162298
105635
77294
127673
124127
61076
137577
38460
38589
117467
36495
34803
144026
4112
92042
103776
77817
23756
86657
185186
146944
174770
7319
97358
170130
11961
1
36212
1
30994
117342
47359
82324
26220
397
75482
107192
18661
162202
4112
146117
194573
95347
105295
107192
25093
110909
55225
164296
135139
195507
53663
97312
164093
102516
73409
46629
180829
95269
1
18886
44295
115403
11961
105635
94787
146117
85559
38174
125782
142007
664
16119
194573
53469
77007
66897
142786
156879
163114
195641
154691
174827
195470
18780
183825
197569
25093
127673
146029
12597
146674
60253
153020
16383
99274
187361
77274
183740
168866
164093
185381
49857
58112
78657
61076
195994
194558
134027
165514
89993
193567
86246
52575
154691
166833
55293
159082
100675
46812
1
55504
125444
43378
165415
37482
154691
95507
101457
3394
1
110603
77684
131871
97018
135343
36658
936
187236
41320
28474
32776
100952
121056
36495
199309
122554
142264
105453
106610
140270
107034
19197
58283
143618
86272
18253
37348
146673
52839
69980
1
93109
53044
53044
124266
87942
134027
18253
15946
21946
71509
43676
142650
152291
176619
178653
30619
139994
54657
61244
133914
4112
6406
147473
103467
35655
16273
82159
12823
45767
161505
197750
78497
1
166126
1
174504
158573
163046
196053
199162
25281
129017
62871
42849
162202
14716
147928
9820
142786
147473
16174
18253
141804
97724
42955
26132
174453
131923
124558
128160
126735
98524
36364
141022
142264
62871
84327
164296
170130
164926
177117
129602
62535
142786
100102
167432
100952
101209
113511
1
174453
178484
14182
109979
21650
160599
59413
18031
197750
61962
182312
98203
20982
162202
15114
189431
166255
41709
137945
69980
127089
64769
177072
23257
167492
61244
199649
195563
135343
62605
166103
142264
65174
2402
74956
172331
103710
171053
140307
25961
1
936
170502
42849
43476
60866
160016
35655
171151
134232
193940
178484
81981
189908
106472
152462
13748
71522
146130
194808
140024
166255
95347
60918
87869
101974
30416
15946
117467
133061
15932
88638
60422
123192
55225
97884
142786
83228
51756
18593
161505
172331
133977
72621
170427
21291
97884
25236
61244
83228
197750
113125
46244
66767
14788
108096
135343
17303
114007
199649
109979
158090
42955
52868
62871
180701
167078
56102
160991
114768
89616
97884
41306
163430
54217
75579
101457
19234
100335
36712
32585
181338
181338
115250
160991
190141
172319
112983
61244
75295
195563
127673
190141
150668
38528
78012
1
64331
25855
1775
153375
163046
166291
82141
22434
41306
53097
52436
102685
69248
151464
36168
194500
131819
131721
41709
43435
199309
188937
110667
16667
62475
664
164093
73092
31408
146944
153740
176594
3821
101457
84938
68421
198063
163522
1
108740
52985
150713
101095
156879
78165
71236
53469
170427
94787
9855
31431
148990
167082
86160
90790
6406
115313
52436
30439
133091
45829
111988
133236
156783
170427
41306
98636
161922
98570
171053
103776
174504
61962
37391
140319
115754
169340
4295
149889
53097
56750
133977
35655
163430
20232
53469
152327
17146
52985
53097
115436
130216
94787
138238
34938
12528
167600
191389
25281
195588
100952
97358
109798
135343
173227
167082
71453
936
53097
111423
179099
140964
1844
52868
102996
28854
152722
51354
171311
54359
60866
38955
4295
171307
51517
20982
131055
134439
46244
94394
163114
63446
198993
171053
165887
24499
156879
171151
66933
77684
177493
90217
31408
149614
34473
96768
55487
115994
95603
196053
190694
1
92919
18738
46244
146288
101107
80001
143942
148415
171311
97574
152462
173731
12528
165589
30948
23769
86160
128966
192761
35655
79090
147731
147496
108509
193776
51714
98523
137789
41457
109759
124362
140933
149462
177493
186682
175802
27422
169348
148485
71522
135343
62535
81838
150591
161142
49221
150591
131819
47851
22032
2467
57812
185274
51737
30994
47115
160016
80127
127131
171573
152462
158251
137789
54971
178081
103864
124362
16174
36658
197001
188677
139848
28164
164262
63895
97884
190141
3114
12210
80411
177493
14914
86701
92697
129856
106472
118896
75672
148415
5622
193388
167600
7391
118019
109759
31151
92697
32855
141497
79391
128864
32996
14183
95603
114801
87617
94787
114801
143992
45829
108740
97884
20232
149462
132650
85785
30018
176493
148415
47115
41306
32855
191813
86160
168705
104827
83735
53944
53861
59972
174228
151162
187964
4068
27454
12123
168143
167432
79391
141272
11827
19682
192761
181162
157214
114748
191005
137945
10387
96279
96298
114356
12210
21291
191074
123927
22056
147956
62973
40874
161142
190812
197613
4950
53861
26516
163396
54003
109798
131464
176620
190141
36717
67241
73659
73659
177445
106472
196053
152661
156081
117487
10387
186384
143099
72217
152671
45829
133206
5622
22266
79391
66099
80411
90790
113127
18306
111988
3101
100668
28543
133206
86160
93364
5656
73090
22266
197613
20982
128858
181541
66172
1
129856
187841
158112
129760
110666
3101
66099
103182
82159
3394
51635
5656
69970
185652
54359
56102
40100
96201
139848
126597
40943
131721
74697
133206
158251
129760
197613
81757
133236
111033
17598
66897
86201
116364
185653
50853
63523
44167
12123
121847
110309
110420
187804
54217
124158
112677
106423
164093
120356
161354
181162
3101
195507
45225
114024
188677
103864
142007
26821
71050
183885
55401
32855
187804
118826
80291
1056
114768
108740
53357
174881
88334
17771
69970
34727
191901
27956
13177
45353
154257
1
18958
176549
19416
2754
14191
125602
1
184768
78452
10157
1
25782
195916
183885
72053
133879
3250
39254
2064
50853
162298
16580
176934
92647
80493
156879
38908
71862
135410
95793
168074
171668
165788
109418
114801
60763
118019
182338
188680
54589
106486
60671
34210
106463
159425
126597
74697
133236
57023
188438
163396
127935
95793
110275
196067
132650
115313
17202
135343
118826
124096
128864
115840
110309
1
100668
172336
131921
12416
124169
121000
100668
32996
83553
157224
21480
22266
47317
194559
61962
44694
110275
80144
184119
157849
59972
88334
174504
86221
95793
142019
192803
90581
1
98454
74564
59104
53437
85988
181839
182827
31408
73566
81791
141658
163251
106633
88299
135343
108954
14183
60247
106633
14191
189595
106633
96149
179310
100210
33479
121000
194507
76186
179310
59420
161142
113573
141272
43803
36942
35642
172726
99323
19775
182338
85988
172916
144223
89003
172916
112276
195688
137675
181706
152462
189059
152722
67241
110666
194040
29246
109630
32996
104518
177599
69092
12800
68471
24512
139848
89867
170764
19725
7421
126006
99323
74759
118086
18661
36813
38752
170248
104832
198225
170427
93302
33077
28165
135995
60813
139620
178354
96149
114855
188990
175076
168074
9919
83016
33315
56674
180873
114801
54971
141272
41709
109565
100549
133864
36942
46336
190131
28164
86233
34129
162845
29246
184216
38752
187923
79850
156757
150591
163118
55054
78452
183266
172916
184119
146823
165357
181048
27999
3101
126006
99323
162845
68347
156757
15303
111033
64126
105244
146616
10843
50055
157695
72083
46413
12052
936
78126
57360
74697
4788
177636
128215
86221
150591
121501
105031
128215
94822
99323
58721
100210
121146
165357
122413
20081
187923
160087
190455
133206
143796
57360
41709
176620
9149
163430
191976
7363
10506
196063
188695
46716
177445
167884
43408
99323
135343
108491
9723
143917
2754
29635
128215
105533
178354
83279
179050
47051
40888
67955
165357
175165
143389
118034
43408
104328
190694
79383
78012
94579
179544
188438
144571
48800
153581
37380
188990
136744
187804
196798
104592
119382
4182
136345
172726
105244
123351
118086
20232
99323
83651
40156
110818
95644
144396
190084
34846
1
99629
112103
77100
56038
199162
41306
17406
171607
177636
22601
163422
172569
45225
99323
90991
6236
27491
51030
100549
104490
79873
105398
94813
90991
51471
68421
106
65713
118750
32855
36942
5760
97504
160566
157855
186682
191976
149257
57812
138401
164736
38587
114153
196798
104856
47115
67023
193531
51264
100673
38587
193312
199227
177112
51264
27842
17690
190084
122829
13247
179580
160804
193312
173772
124188
106
108954
104328
31469
49531
331
197115
38587
12085
138401
133444
83551
90065
27714
189065
150668
16074
142785
71860
129793
110275
53214
59972
20329
42491
104017
126258
136345
111033
175354
124495
117375
124308
4637
130277
106
12367
179083
2288
190084
16171
84023
124188
170013
22934
2141
99695
157778
181344
51635
34083
132632
131078
102973
166777
124308
102911
12085
85988
33821
124495
121146
42491
40943
181344
115079
22713
46876
66355
81834
37895
125897
11839
199227
84295
136345
73090
130761
154254
71862
8365
142277
162454
193383
10140
136744
59543
31594
139251
195688
162763
28613
158890
113369
190455
199309
25046
53357
138401
73236
166748
194976
108457
150169
18671
21842
189065
93174
144571
123351
40354
11107
34771
104856
16124
73659
52279
52279
182020
131078
177057
133226
66099
47955
131921
33821
192564
190603
47885
131078
5760
106633
81473
79746
118957
123706
20329
154494
36853
39471
101813
162845
199227
153074
183791
154546
134881
152671
196304
4637
139672
132175
191976
81560
195334
163712
153568
132175
162531
175190
37838
12484
190696
18906
81350
167692
93174
96167
104592
166170
64334
117342
133864
131874
199317
150169
122999
182580
148415
41297
176365
135067
11224
189065
136645
82141
38458
98570
80663
178484
19710
22601
49531
25220
80301
9149
18090
171246
53287
49310
145063
33713
102011
117375
50739
108672
18090
43408
11107
35816
163489
157066
21007
126187
177112
135343
119805
126006
31599
128847
196582
90065
4422
135067
177599
6955
40156
119262
81560
46322
196831
136345
193058
150688
123169
22893
190084
113573
20492
84963
166585
46548
180779
199108
46322
165091
68411
148427
157695
80630
96167
11645
106552
2288
91071
93174
27491
118826
133226
1724
51264
32855
120894
102297
3101
89085
93525
14598
95300
179867
156081
74155
108672
72136
35642
22934
195334
32101
81332
154257
70852
171339
106552
25046
165913
180779
99271
193680
117222
143053
73585
145367
43293
31469
99271
36168
104384
121529
153568
113369
153707
52887
38752
113848
77698
125897
146015
196396
11645
190455
78247
80247
177115
62311
27454
151361
62225
141704
193003
94369
32168
149007
122829
83279
58230
54480
134064
33821
125897
183063
157066
107331
90991
62771
127573
54480
193058
121191
49310
99660
22893
133236
115415
195688
199317
106552
58107
112021
69248
102011
124859
98079
112516
1
68181
18930
32080
91368
41297
93525
16074
104384
93174
36388
123030
176319
97871
71817
15063
191961
95603
163363
68411
43893
102264
64012
135995
115737
91879
127573
171584
161329
78289
188326
1199
12517
53402
40556
27172
12500
92697
185654
108136
86432
79190
56023
113369
99323
185654
139020
168775
40556
194841
39254
89362
115737
111488
25934
84518
93174
117375
96167
57262
48800
175835
22713
44044
187073
94792
143879
167692
154078
12484
90339
79668
1
27491
164579
43648
1724
10747
33987
122404
111191
125586
18906
11256
56711
62771
40556
121191
66416
37348
35824
148427
8281
107171
95230
14070
136030
113816
95269
178238
196275
22893
197247
1052
81361
3886
113848
400
21944
163176
96167
11107
185652
122404
62771
43293
91515
70506
81560
183063
114014
152924
98385
125586
176319
60498
769
40175
185309
46949
21944
104832
95300
