1
1
1
1
1
1
1
1
1
1
1
1
1
1
1
1
1
1
1
1
1
1
1
185806
1
1
1
1
1
1
1
15163
1
1
1
1
157167
1
1
1
1
1
1
1
1
1
1
35325
1
1
1
1
1
1
1
1
1
1
1
1
1
1
1
1
1
185947
1
1
1
1
1
1
1
1
1
1
1
1
1
1
1
1
1
1
1
1
1
1
42507
170867
1
1
1
1
1
1
81997
1
1
1
160162
1
1
1
180608
1
1
1
90436
1
137117
36184
149961
180608
1
1
1
72599
1
1
178941
13863
1
187403
147279
1
1
88177
1
1
1
1
104857
1
20047
1
122340
104857
1
88177
1
1
1
1
1
1
1
1
1
1
1
175777
112445
1
1
1
1
1
177288
1
1
1
114819
177288
1
41808
1
1
1
42324
182291
159543
177288
149755
71977
1
1
1
1
1
1
13042
132698
1
1
1
161618
87823
1
1
1
108431
1
1
1
1
122340
1
1
1
1
1
1
1
123630
1
1
1
162983
154938
1
75789
62917
1
15793
96765
7251
120363
1
186341
1
1
1
1
1
62917
1
1
1
1
1
68351
153114
149961
1
1
1
1
194271
178941
1
123620
1
1
1
1
173416
1
1
194271
1
72599
76601
1
1
1
1
1
1
197552
1
1
161810
1
22825
1
1
140431
60471
1
1
1
23402
197552
1
133441
76598
1
95434
1
182291
23402
17655
194271
193390
161361
185281
171905
1
103145
36184
1
1
179240
150180
20389
135426
170798
174544
1
1
1
173942
172852
123630
2986
104857
123630
169920
140431
103317
37123
39051
1
1
1
1
111039
74861
170281
26243
162964
7251
82487
13863
114966
80778
1
1
22081
1
58941
143429
1
111898
25264
1
1883
32030
157300
132698
1
1
1230
58852
134542
107672
196897
1
119768
196896
102432
20443
1
42724
111898
114044
1
1
58479
55498
37350
1
152418
36036
1
1
187110
1
116583
173330
177009
95468
1
1
1
36053
1
168839
186044
44443
1
35381
1
1
56176
1
1
1
75043
1
58852
163545
111593
1
1
193390
1
174544
103317
55659
187420
197552
192141
122086
5903
1
1
79807
172852
22825
64324
26790
194146
170798
1
1
1
147298
1
184381
7687
81512
32047
1
1
179679
193756
5852
82506
170085
1
1
193305
133441
103122
148509
1
1
155378
26179
114512
1
143517
186949
1
1
1
76292
1
1
1
1
1
2971
43496
170085
166032
49362
1
119118
35381
1
195890
1
114512
194237
1
26986
1
60877
83468
80852
162553
11197
139942
1
92568
1
1
13863
41169
1
116468
1
81914
1
173330
53862
1
78403
1
1
94520
32983
58923
3452
90436
1
1
10925
194146
34166
60895
140431
1
161051
1
1
1
1
197552
1
103317
75999
1
3404
1
1
172627
1
59556
162864
105495
74162
1
1
162553
1
137480
1
192141
1
105495
179679
1
126288
32983
1
162553
88913
71622
3452
157738
110486
194237
1
33059
1
14901
116583
110457
88913
1
195836
170602
73914
74401
170487
74162
175954
148182
126398
119118
1
20389
159543
47645
1
23402
107126
20047
1
1
1
65008
133719
82487
183485
146554
108312
122340
87823
176881
105042
189152
137480
1
139572
74401
93342
1
174912
1
1
54610
64838
19225
94678
1
1
38468
1
1
1
170655
52393
36184
1
172627
52957
94991
118859
133548
118859
9928
32062
159518
123630
192317
54809
1
1
148182
186044
41325
52957
1
50558
1
69113
1
1
62689
75999
192239
54610
64838
105495
71412
38232
60615
29681
186044
132961
91338
32983
105495
166194
1
82295
137558
11197
126809
120268
1
9058
71157
148664
89247
48275
137245
153391
117211
67537
1
5893
148522
99143
47323
19134
148664
119944
193637
116873
1
72635
1
155203
27286
1
175929
172852
1
119768
168652
148904
8059
122705
111111
74401
157738
1
40785
170085
1
190549
114044
16540
70806
185208
36601
133442
1
45014
91754
95070
54997
69619
17770
19271
179679
186691
96997
160360
79758
152306
121292
117975
145147
1
160521
32062
1
11195
1
1
84963
172827
191562
81432
116583
49975
73002
153391
168484
1
1
96238
140406
146161
1
103145
1
86489
178743
182593
1
171364
36736
43496
98046
171475
110486
38468
13132
166379
139609
145059
118859
80957
1
195019
189152
195571
1
30333
62773
145147
170655
54751
1
184356
31511
170281
30333
154972
189361
1
127602
116583
198352
10925
1576
173416
184356
31388
1
16540
58946
76187
56885
150491
141124
36705
183432
119118
32072
48636
1
1
163852
117418
193613
3193
108479
1
42330
184059
187169
154074
1
13524
60877
124218
167732
129573
163338
43303
19182
172827
1
150229
165245
79807
79931
101030
1
1
140574
161097
82295
162124
118552
71599
24288
7960
170868
75043
9772
81432
1
160360
79877
155378
2350
1576
58946
26511
1
42552
150229
120663
178504
136687
167182
22594
152203
132980
167111
78585
8414
1
97551
129326
1
195523
67537
22010
160990
131957
102651
34440
153290
175929
51469
35775
78585
32950
19271
1
22010
192106
13524
160521
1
74401
120878
42022
37350
147571
119592
150229
192317
146811
3193
1
192239
22178
89090
8924
57382
97479
127976
84286
71622
102651
54610
179163
42022
106442
140799
146811
3180
140267
178504
101525
40501
153604
12117
194219
51469
9772
179755
170788
133333
166194
151002
81806
135874
139566
187110
88424
91197
146856
94520
116600
51469
99690
132961
1
159855
113498
99693
33297
3404
123728
195704
85466
22594
251
1
160990
79934
1
143556
1
32436
133441
36874
80343
79624
1
187117
63647
1
170398
35381
88548
1
64838
146161
159518
140574
1
1
195836
121344
91486
157195
87958
184356
1
177176
131957
9772
86038
2167
76550
1
94539
194154
86728
170904
2167
7960
180867
1
65354
22010
156303
193268
36053
179068
1
32072
98680
156837
52148
1
125785
182291
92568
70376
154750
58923
39163
3901
108822
171093
76120
146409
1
133333
24850
131118
99021
195890
69619
1
161463
120632
162124
1
10017
99690
104128
114966
137907
1
75043
66201
118881
72488
34055
167930
191741
150910
1
30333
143173
50169
52096
64169
1
129183
79934
158680
138980
85078
86489
66344
152534
28101
140406
72020
86735
148904
120632
1
157195
67038
129183
131647
104702
62773
193399
54107
32062
162124
80224
133333
46847
64169
40501
56071
179068
38575
148904
104128
85530
88149
1
19225
53940
8237
141585
163852
131964
178743
100768
125785
57977
1
86454
95468
136213
156837
11197
15734
185208
58367
114334
161463
174891
155207
1
119607
5219
74468
160156
1
151380
1
1
48157
71214
155855
146009
197558
140489
33715
98253
1
146811
150229
151359
1
23100
99021
149961
164370
37173
1
88177
197558
194219
40649
185047
29551
86489
175629
81432
147617
89589
32983
37299
125253
1
76461
114826
187110
154181
175629
1
53767
82573
1
93477
1
170281
66201
32786
135607
1
103671
117202
85530
69827
144041
57524
175629
176520
27777
174153
146186
16746
75043
164226
134542
16540
157167
20574
4335
1
58106
1
4335
151002
65523
49396
18419
85530
191272
46525
68537
161361
168484
104128
1
40640
139566
66344
9354
14334
45123
52148
20697
36705
106757
84807
152203
1
83471
142411
41284
88149
1
194219
8414
101264
44459
185031
108398
14503
108717
63784
25264
147617
50127
45123
54620
175629
75532
146747
49396
1
120632
152203
44864
190231
15655
187975
122744
160990
64915
131957
112722
116660
1
11414
1
62881
187937
103176
65552
32072
37173
72731
1
137480
190231
1
142411
76550
6727
115241
72271
127270
28861
80885
146480
62486
122346
108418
154140
95568
185822
72731
1
15655
17991
91485
1
1
194271
153745
139205
123083
160308
96765
22010
121609
191272
44061
51469
33392
39970
1
184202
87734
40436
67741
161043
102792
66692
89090
81512
70229
79934
35650
86454
122894
134989
67955
72926
172226
116044
137403
36874
60576
100598
170633
142411
105287
1
92828
1
87958
1
79767
5219
42022
25166
114826
198418
67741
62486
69642
143358
96279
107991
87797
86480
90438
104128
131118
163009
1
106757
1
41808
19225
171886
14583
150152
195019
45123
193366
136889
161744
1817
118239
117954
46811
40649
36705
52120
11197
185104
5314
60195
187065
10466
79767
187937
116152
99485
29059
56870
81921
116659
42365
39970
87797
1
278
94703
160990
50169
155236
3180
42330
25382
1
1
126883
176520
78093
103993
151143
161502
61389
17896
174153
87868
70493
174153
161971
127748
157738
129326
134534
194274
6258
174891
167844
147145
159855
101276
82099
49362
16526
185470
33297
10017
9510
40536
1
49969
32198
187489
106757
5673
186034
56468
180867
141072
86480
52039
98185
195241
899
100266
16944
196897
1
52471
190345
66344
48568
1
176369
123601
25383
46811
23355
1
130100
86728
114334
104953
1
193638
61389
132086
156159
1
57565
20574
1
40536
52148
72390
65516
174644
118933
193888
112990
124447
65023
61296
1
198418
14503
98185
189763
111566
76362
62622
127758
65959
150170
33278
95468
99188
132128
175440
89589
14583
61925
175629
171553
139743
1
74871
187276
195619
85078
180129
46300
46952
62902
198418
125186
10352
104773
98185
26089
186268
82765
160162
111864
101550
67411
103993
142727
72926
47199
154227
24249
126794
155862
26243
127748
195019
29431
104773
71210
55078
19360
88502
135757
167520
51745
101550
76834
134542
1574
99188
83408
88624
67130
100889
37075
101550
84555
134036
44864
120030
160162
21542
49599
149662
135060
19225
115781
70473
80881
47961
24517
1
3938
1
161945
138172
138485
7318
114741
125186
11414
1
63580
19862
99188
24517
142153
56275
37394
61412
122894
159829
59492
125186
190938
131644
16540
80881
109258
69878
133595
50169
56285
53481
69619
44864
94049
47961
86480
35993
76313
147279
147145
2389
80115
189034
76834
43635
108693
72020
196582
164317
148841
191189
140574
37123
156837
3598
181776
101550
133441
55064
140680
72926
59998
15734
122894
187489
139745
127602
1
66344
153622
1
116462
46310
198460
19360
710
143842
156572
142402
71210
90934
152190
138485
6348
170655
32983
88624
123795
55311
3843
1574
22594
22166
58946
65023
113477
78093
19862
109703
114741
710
174891
121521
159188
37852
174644
170655
115291
64066
190355
3598
160308
79931
197558
3164
144601
75999
51301
179957
126808
710
151921
21221
50191
135426
53466
80569
75320
47004
193638
51301
32198
21542
93081
64761
22979
1
107305
8844
1
86661
137603
1
65552
125362
139958
1
95206
1
170655
92589
161901
18326
131935
25507
11100
32911
63245
55078
68484
34521
144601
8844
19854
161905
63023
39753
32696
167698
144601
56285
28722
83408
145032
70135
116659
178830
190974
55078
136246
135667
119399
58256
137403
22972
94703
53767
151484
174490
129105
1
9016
134036
184837
65523
1
108954
30021
91338
53049
179937
1
125362
89957
75842
66692
53127
149315
156159
117056
7318
83857
185244
146355
65552
8924
95391
116876
104635
196582
186044
70684
185290
86661
181050
104588
21050
167520
133263
185596
116876
107333
176535
1
161530
187937
181245
156737
53714
148118
93669
122705
140748
58256
15852
27777
174644
118747
120386
171886
118747
25560
122208
183281
106757
29770
6613
158527
73972
108023
65959
94957
107991
194274
63387
65430
184275
114594
10210
57977
175488
43635
122929
94957
125299
13698
119936
183281
171592
98185
103477
122984
75451
23424
146009
44324
107587
105601
82319
19854
183912
132086
184275
114664
90934
112126
125986
71955
174435
38694
138172
1
156572
139566
100266
11819
899
122991
153604
80924
165850
59850
59535
88149
1
156572
103869
15655
66316
35381
64861
145573
171395
76692
183432
112888
90436
1576
27777
3164
91463
61296
192450
554
180255
91754
104635
164495
86246
75255
65959
119607
114684
185470
179937
142060
115973
89028
120386
66344
49328
75842
155353
83123
100269
3349
188099
137603
175440
19971
19971
189828
192472
191195
19971
186341
157721
166321
164469
164153
2389
100266
39509
183281
75451
18296
94023
122208
166671
139743
150170
133521
74182
86038
39772
82329
29333
97194
12586
39509
9258
72805
123666
59037
116151
180129
53513
710
58256
1
11100
197005
32096
81699
100080
41455
181245
1
134702
183281
152297
199516
93098
53400
66692
121292
7910
1
68757
85972
114923
46476
191203
56581
57817
99772
76410
133207
82329
13698
40530
137403
172195
1
142060
67741
143358
51301
63571
48111
56293
133446
102454
32096
25166
1
41788
143358
138172
57298
7350
98317
41788
108023
103176
1
75451
66344
90868
77274
178373
167430
92258
61497
177310
57565
72926
82765
2247
49717
199102
37777
190938
57500
147333
61389
167870
81699
180549
158345
149489
135930
122346
192974
125362
39653
126136
159188
1
180549
82329
167430
80850
75451
190974
158442
96730
46534
170170
18418
179163
60076
130977
152190
61966
196582
193942
180215
37777
121523
162632
77914
91348
199007
161502
784
48111
106625
19854
88624
58378
181421
157721
58378
129105
178021
196709
130763
1
194707
112888
130413
81867
15793
34999
25166
150170
150274
166671
166321
147990
68757
147358
56906
195126
167430
128562
185158
37155
104128
107587
193213
137603
180158
90966
192472
135138
31444
184492
132471
134953
71210
1
180158
48098
140625
133446
54343
56906
114856
1
126677
170170
32696
23424
140539
133521
710
150497
108695
70740
89028
120163
14451
174675
155762
1
146499
39514
191210
122225
30730
75659
78910
30099
177599
39653
182659
77914
994
67955
70210
199275
98317
143025
93921
101783
90830
53400
80740
81956
60076
116152
74975
82329
188026
192060
1
186866
90471
90830
177759
159543
171886
151983
152543
6613
151948
134953
107587
98185
78910
39653
104176
147740
139859
119936
70684
182659
108842
74182
145573
150977
144607
6202
163009
145723
180947
4674
122991
163559
48803
52096
31306
81383
107991
1
23137
157140
70615
69122
76949
145723
59556
78910
159512
52694
82765
199249
85204
1
177759
177759
58378
158618
1
117595
117954
37777
182522
146514
42480
162517
52120
74726
185208
192060
149315
154121
129294
158442
185971
96461
166057
6202
198448
69939
63571
166321
67218
125186
164574
108399
127269
124368
14655
23122
31306
193213
4831
199275
101954
67529
119399
185211
109703
165561
157910
61389
127651
1624
135698
35311
185971
104176
155990
186358
104055
146514
174675
187366
16744
154434
129188
98334
5240
143363
40916
56797
83015
12718
90021
85666
17173
46310
74726
137843
80447
1671
137843
65710
186358
128139
1641
37784
154401
183085
85666
113754
3349
98334
148004
16812
118777
159938
162964
145074
101276
14154
46300
131706
186736
174310
148990
16221
158769
52566
47765
122962
152201
175997
61989
146125
39421
17958
171121
36553
21038
36133
42506
167610
185191
14154
174310
151297
190384
104055
53564
41306
57500
71969
35587
177857
25372
127392
15053
140548
174310
97194
33413
46892
140430
197703
112452
36122
127651
159512
109659
63023
167261
23217
80740
161632
124313
151297
161502
138458
61966
193908
135698
167610
96481
56468
183085
1
119167
192417
181589
150266
15053
139859
93355
127651
47995
4918
81244
127805
171790
93098
74168
89736
69895
53058
133521
57298
48817
158984
130150
100450
186358
142938
168676
9512
146125
36133
127757
175080
1
17173
199731
182522
144607
158984
134052
7769
66964
161411
43176
9512
43822
174266
159047
18553
27274
82319
119167
98735
11158
69939
188026
140539
186358
44134
78218
142359
12450
127805
177502
54610
52700
29623
191376
1
144601
100269
184780
80447
55226
98334
84478
152704
148004
49987
180947
3123
140489
107339
70740
55226
78218
21598
25781
56468
147727
108454
34307
132451
82446
133595
175080
93921
96481
78910
35587
173107
196841
195126
184275
117056
34198
164193
2487
155009
92456
6390
39653
70604
56771
76949
61280
149285
151297
28398
51998
58182
137403
128760
130150
56285
176407
190014
146840
139076
184275
1
140519
177857
35587
108360
42060
197279
157131
10197
11727
143681
178368
185191
63004
106966
8386
90851
83123
1
81327
69939
121618
9510
168676
18098
132402
164495
13565
101317
64517
41306
152306
50722
7350
39554
61925
3907
113460
45583
178368
195568
120949
69895
147727
199492
193717
192990
152518
13631
101783
128562
102536
33445
149285
71969
29623
140519
185971
84899
64867
112317
174266
85952
169494
41376
8647
139929
122962
8386
46952
176089
75320
158426
121618
175565
69360
180215
147571
158426
10197
108360
66495
164725
149777
46257
57930
183912
17958
3843
184009
65710
82825
63004
6780
41591
150977
33413
147740
121209
141002
164194
34317
30967
115528
35952
68529
80924
124308
1
18553
91977
42506
83200
186358
99485
138491
41176
45697
61317
62817
66678
76239
151983
139033
11727
196206
12081
42060
124481
83320
13022
23630
175997
47774
111901
36133
44795
37724
640
148751
104055
112452
178368
176763
164193
119592
176089
89796
6390
97079
10509
39514
82825
54426
48953
135288
4918
43323
114684
4918
139929
146217
149344
198992
91169
48534
5249
82654
175080
107915
51998
133398
64829
175997
117247
89796
184
1
101797
92456
190771
58488
65468
103477
43323
25616
9512
171233
69787
26270
164725
183734
57431
96527
31522
196015
132540
129183
53010
10104
39738
63571
32125
171512
124175
83064
48534
80569
127805
26270
18098
116876
165967
89953
20439
82825
171121
109886
23087
83200
162939
733
102636
191376
25781
122500
66614
90868
177727
45504
33445
150770
177857
190519
181255
199492
181310
141914
184009
4918
88660
4674
18818
11503
175080
48532
104961
176352
155065
1
89650
99690
96228
136512
30967
138850
11727
53770
48534
32125
65494
175440
92702
199467
124175
115479
100537
75451
148585
66164
16014
66646
175488
45438
91169
149911
41519
1
9706
16465
10793
13454
107915
33189
1
41122
193125
195867
23087
174220
82698
170565
96228
171560
121609
187405
62984
82698
76949
154104
52477
67450
52400
53010
179957
146508
130226
132402
43665
127538
39421
11158
47659
68946
116876
191272
109532
19862
190660
40719
104949
138458
83954
92683
134317
127538
6264
100067
108043
153488
53010
19866
183734
11727
132471
101797
12450
164123
142688
175080
142060
161240
139859
143902
136512
154342
170170
183085
57431
138850
81381
162517
70604
82698
62108
97511
53010
39738
116618
127166
37349
115417
92683
124313
135282
113402
52400
174543
166314
99175
163905
190771
39554
108043
138923
35952
106511
159353
101513
149327
171572
65494
85157
110664
168587
152201
179937
156147
139743
141914
108432
183085
86745
105601
108432
101276
181667
139033
83200
158632
85157
100119
178933
179072
56275
165967
161240
126259
95545
101317
175523
100067
183829
179937
106511
70046
136512
162632
66164
22700
101513
108432
27076
15053
42083
163905
134124
47659
99384
60524
48300
146460
32125
54665
48111
143480
186692
163905
2679
14219
78368
51817
52400
62984
148899
32049
45765
4841
141948
196825
183679
103320
21183
83517
48680
19862
195586
182593
69360
13793
39495
82825
36118
115417
132494
46885
68865
82446
39653
164956
135452
59112
112317
17329
129722
138923
9927
121687
186624
181476
86755
179672
152543
169271
76305
118777
52400
87584
79767
158017
142688
20897
20847
181042
45765
129425
18313
142688
125565
171790
53010
135452
149444
153375
101892
164317
145663
103362
27542
19866
67039
84314
6258
19463
131217
67039
135288
53721
124859
14219
143480
135255
147173
93870
121250
100269
18257
190807
8123
85204
24436
6613
27274
85776
20897
170020
118013
43773
124859
49335
158017
19668
86969
23669
159975
184848
146514
147707
186326
173967
179072
91197
119324
29961
76313
122583
176980
73683
66080
31046
41122
172008
40756
131631
42060
93870
115861
131484
107915
126154
67357
186692
180671
14219
27542
164725
178373
75144
3543
191317
131484
198384
121067
152785
82537
174542
199492
10165
127006
67725
52400
51058
135282
164956
47072
52477
70638
22267
85985
68216
183679
174542
38074
33189
110598
70120
44973
170856
1
149777
14503
45128
90851
30196
44654
105660
39450
125052
126677
5681
196925
121914
85913
25336
30196
10165
34375
146001
67229
19866
25372
59662
134317
3874
67459
181708
38711
16076
58577
122275
173280
117819
46523
137424
164960
186624
104417
85584
40719
189196
27232
149528
16873
48386
145663
196481
485
21197
146460
171121
131696
168144
28122
193902
49699
74182
60910
104949
65494
115157
103475
39450
1624
158709
37463
40355
39450
1
149676
181255
115412
165133
133595
44654
20897
8572
187585
53564
25605
48386
74758
172852
177337
195586
103556
99420
58256
133069
95887
91171
66694
82441
99134
170886
84110
16465
181476
126653
121686
124859
197353
73954
191112
108693
42634
194219
181708
26843
61372
173613
120812
185801
192527
163137
156892
59204
64517
102785
149676
112785
162671
95887
130747
86755
146528
102785
29317
51058
49325
165421
27576
44377
10165
131654
63004
45475
156336
146070
65362
64217
190014
66080
139928
166807
120812
133069
51347
74095
53729
82825
163611
80154
126593
163125
83954
74137
28151
156336
45617
131696
76891
44377
153521
168226
171572
29407
109101
121852
153607
36709
164967
139576
26153
157272
76040
105259
125883
143480
142094
112602
53230
24455
16873
93870
41798
65100
90095
93741
99334
107267
5681
196015
53441
160168
198134
168144
63535
86494
10104
18818
29424
60433
158527
135223
178246
198510
39738
121635
47072
3598
7376
92258
109359
48439
143902
190961
199450
65342
37390
153375
135282
27232
125883
120212
10202
110901
198850
62484
183752
7143
195836
71210
152534
198211
40231
7824
165421
197353
53315
120921
32489
1175
83933
105287
176799
62277
172768
129258
74577
198300
73087
190726
33351
2378
20182
152397
197678
156773
138217
102879
72649
93422
129937
188004
131696
10202
150347
22640
12873
12873
164016
153375
49335
106772
145835
76040
76040
110901
158017
162337
1
44654
2378
156417
22640
131696
188004
13039
3404
81217
93741
92833
41376
40231
172259
173967
91078
166807
60433
194174
65342
123341
22640
110961
186447
38074
123341
53583
21919
99662
168753
147654
17310
162175
149807
191112
184041
162103
149034
39267
193061
174971
108360
72649
112785
24120
68860
112709
93422
156417
39272
106183
113240
78193
160961
25017
60317
74168
10737
102785
162221
108432
100537
121635
35633
157653
95475
45765
178468
127465
156688
170020
167931
10737
198562
62484
26941
162879
157119
34830
74983
180790
149807
165421
44134
119463
94401
51058
138923
85584
26941
142102
138217
123927
68830
120174
105660
65710
53542
33351
97745
119475
132156
1919
19917
191317
29407
156336
137171
54426
144115
167931
146998
41798
7542
24615
120921
187571
5652
48350
54141
14491
159839
15389
115312
49273
184799
142115
47406
160961
58577
53280
73945
41831
92833
181708
199318
5652
83945
161530
42735
47406
188843
49232
122587
50617
94477
32049
161500
161094
26629
156417
125883
177337
66586
160196
10894
124035
88977
136487
73549
117893
40355
146934
153588
48863
170487
19092
41096
55783
156417
37478
174158
120435
120435
120812
155778
53831
70167
53315
173201
33413
53795
72685
172710
75755
35858
186281
53795
165421
94678
88050
48386
24885
81217
137171
43378
3543
117893
104363
28369
78654
130483
10905
72649
151154
4861
174996
100406
78654
74861
135761
110901
111288
181284
192189
85605
44555
24834
116364
187571
139994
70638
70167
94812
58278
175005
116696
24885
136237
26270
100406
197353
85605
137608
163697
49692
133699
105170
35310
65615
140057
84644
73060
182915
20847
94401
182668
109364
31661
138458
43195
53542
143626
71210
21480
184799
160961
36575
111455
84644
96173
102879
164725
170020
22640
117893
61758
195042
149444
170096
88050
139491
113240
47523
1
138402
54456
126593
133709
93560
107907
14006
83945
162221
193047
139039
97041
135282
24885
34164
198164
23641
44377
154237
69619
21197
42762
30115
144144
139201
116635
9476
190726
74853
30093
162474
160612
199054
162072
26941
129415
162337
156829
16555
142637
89868
59204
162532
16465
30279
145263
95841
128774
158709
44555
34201
176636
146460
175128
42859
69753
181877
23277
164725
185483
182915
184799
92373
15204
108432
71707
154122
131857
87647
101783
186624
174542
177251
106994
191342
62669
100697
41147
143626
113403
158776
188800
193061
93186
1
66113
159839
1
64439
28369
66463
99662
69058
179275
192060
106663
65615
121209
23804
174252
179398
1
190874
191894
19476
71736
29490
59066
68939
152209
27724
193754
82984
182130
155778
182668
192060
105259
41096
74012
166661
87884
22325
39967
176735
23804
15204
35310
75144
171790
88648
28288
85824
34451
173201
42762
83221
108515
85701
131857
28073
37916
34177
67802
43378
161803
122048
37598
183647
51670
10191
180740
178566
138596
73087
124313
181967
142443
172008
118986
32489
188817
44435
194146
99175
2963
18091
110849
87068
190290
141005
29798
92833
198928
21919
67677
34565
49384
102902
92833
167931
40665
21197
15206
71707
163437
69647
63535
193754
100024
136982
29928
163150
29424
85605
170838
74012
147126
47728
88215
162788
68939
83221
194856
53237
168173
189480
49789
113306
191894
97802
26941
167296
81742
137201
137682
198562
53879
40285
22325
139385
117893
37759
156491
131276
99234
121914
108515
158017
36071
29513
125317
72264
26981
89308
23853
193019
196244
92373
83168
152830
29270
192974
10320
95146
88977
36485
107041
34262
16076
162637
136982
101478
73053
163162
157267
37598
199693
139994
6891
119256
41078
192060
21919
91577
62484
108432
170565
125248
106386
70861
14491
42859
191342
157272
49988
141005
549
80740
87068
136537
198928
168173
85
24885
182357
156829
195013
87884
73053
116696
9599
83168
28369
14453
29748
84291
123652
106121
31661
194783
55783
198992
186810
108903
136318
32489
190883
121250
90234
101478
27223
74012
114078
83933
25128
99662
14066
170647
185358
182668
195406
164725
41814
101612
67311
65615
108360
134509
70447
97745
76631
24885
176794
60298
123595
101797
48439
76206
137682
186447
160264
84291
136537
25916
63862
120841
60298
43635
74861
29757
91577
168144
174252
25605
128928
138055
149563
159031
198562
147116
89868
49335
187571
93682
126579
105170
57163
192577
144666
14491
85664
35952
91341
145872
191525
28073
56322
167715
145872
96378
147654
1427
16689
70861
58322
22325
68168
49149
171261
141116
36071
75536
129917
3578
35858
10320
195406
26481
58421
18732
96752
74834
30515
191112
21757
8235
38466
7972
20603
173993
103508
127356
50244
128236
95627
192189
139491
26537
73060
196842
72264
177676
144586
133797
167363
2378
36180
190418
80393
44314
95411
193347
174113
88538
29757
158355
165081
11727
52914
68168
5831
143557
80842
145633
123186
159454
60250
183485
93187
70167
148606
161222
179185
24436
101080
73053
158007
46475
21757
170546
53721
53583
80014
187260
146760
126185
129230
92375
167296
138217
75082
130140
10191
97035
53237
55435
166565
147116
129917
44070
27223
108903
90234
113240
88538
149735
180790
142429
140175
190726
117619
193061
186810
41814
16880
124920
88538
193365
41440
67214
13869
142715
16215
166512
70046
95434
9051
108408
144988
14491
113769
142688
103508
143557
165421
141686
91341
81600
182216
14603
143557
170538
155345
4096
112993
10894
186964
100567
26481
38466
113240
43574
47430
16689
100567
733
127798
112624
93083
154748
149422
127798
17439
105529
109184
181967
153074
190162
109440
48841
62302
126579
141686
117461
145512
46475
96752
5240
150529
60250
79608
18926
113384
39403
196625
54172
129937
65831
100748
172779
27036
148606
178566
47090
73848
101096
63045
45008
178064
98325
36371
168164
147977
14603
174868
98014
20603
125569
143557
63862
139576
105860
54172
81999
199509
123304
79820
38270
167515
163287
143557
109487
66749
141528
166565
142715
123652
116199
64166
195586
173872
131872
152088
142186
144666
86951
156491
83221
178468
152646
120587
73415
97922
13783
35578
66749
57988
74520
96173
128343
124199
139576
120212
170790
176202
29229
37916
48380
146103
61140
36371
60445
148606
70366
146027
98658
104961
87647
24923
68939
185343
143973
18984
88648
32979
72264
29229
9553
170216
146355
135514
52445
84418
195090
142715
18098
179353
30336
45128
97876
19571
124501
59124
7901
36371
23853
89592
24400
25406
126185
42101
33876
145512
174779
197070
73415
140933
107907
28928
120587
145082
183707
70214
169694
66678
43019
112092
155464
101478
144061
125569
125248
70366
35858
69029
36371
159144
108595
196625
23350
198928
82574
17957
33930
47090
152615
163287
151154
93217
80393
5485
103751
8572
62441
127757
82984
157899
111747
7901
198211
48818
199318
29175
115445
82574
83866
115622
41202
167329
64993
43195
111727
169248
53726
124920
16215
43558
41332
39433
50813
46064
83866
60910
55334
7901
140982
159144
70953
86614
29229
126917
41332
123153
93682
167329
122838
128130
28492
111269
10680
21197
149812
48818
51678
128947
156649
63930
179317
147634
95847
89266
144988
69704
3578
124199
90729
16880
193061
86268
59854
62331
140057
81387
42017
51637
85824
1457
69895
11727
131031
60250
72645
38270
186227
83866
70924
166094
118757
44057
72264
178496
5485
66934
18091
117856
66934
11247
94505
106314
95411
143480
193874
32979
88915
89745
152795
199509
49651
180426
40308
130140
101629
167715
5485
101649
12779
122949
25635
161740
29229
174811
78415
63930
116876
175375
93171
71265
79654
93083
113384
122938
142903
60445
75536
13869
42017
97911
49255
167917
67229
41907
113353
96275
81572
15065
128947
36875
135883
55784
126185
46043
43669
72472
45832
85369
198645
139214
105170
99234
49255
144666
47659
129062
128130
98043
135883
36371
137828
117344
111446
120587
130106
157338
105938
91085
6563
8218
7901
80393
111705
113171
72183
167747
70514
186373
57790
89215
163085
155464
33538
22351
99234
105134
15189
134285
16043
176626
8218
118757
185669
78736
41022
25635
32937
28073
118757
165039
38587
198978
27751
13463
118757
130073
129062
104820
160366
93186
198677
160464
37664
178139
126593
172315
87068
88804
32198
107976
97939
33702
84042
131957
143626
97434
188991
157695
196434
126185
129062
9906
61284
98043
167329
82574
85313
181250
15189
110167
29855
149812
117329
81572
117856
146103
160366
64166
13157
55435
53879
69864
193427
130188
78736
49651
22402
86153
167747
5964
16558
40662
88284
41828
195247
87068
70270
39102
142513
199876
16043
135634
90347
57387
128118
78415
189188
132599
161213
27811
87352
11713
63032
67986
29229
145512
195440
128947
88284
115622
167917
84188
61149
57090
113769
193257
22905
15782
175817
41907
195903
158877
129142
5923
168164
9202
59306
101332
162585
67443
41907
188352
108680
12779
83901
78415
91322
55435
170307
181531
132932
50698
162047
25406
32198
179848
186373
156780
193000
9553
169972
33846
106314
4152
167515
108256
196383
71707
103365
124920
97939
90606
42687
45216
156780
33538
36934
37403
115245
108256
62441
178139
117344
195560
52062
163287
53918
74861
136748
155818
131691
184041
71799
166451
10510
121145
80393
77663
59306
117664
13905
107915
26941
113769
101332
174811
44057
23079
10354
27036
93571
50698
86615
171186
26240
8588
106027
132599
28984
180657
152721
130140
54736
51794
81903
3946
99416
188601
88158
124273
192060
4152
128130
144680
74429
114075
52062
38587
44659
4434
166889
108452
121145
187571
160993
173869
156491
23381
88993
156299
97191
28370
70514
147982
152001
109487
75212
155778
96294
46877
126573
29960
4053
199151
135797
148562
144393
22402
127019
188601
77687
174874
100748
105860
93186
178044
12395
139606
164835
174874
147030
105946
180657
33445
103751
493
130868
60317
105134
51794
124273
176671
105134
33445
71772
56529
111195
170838
71394
97191
26799
142785
72002
28611
110167
174292
160366
57012
26424
123652
127413
77416
148817
12766
97600
51869
149563
151284
85068
182919
151925
169972
43574
36211
71211
4029
8912
167747
160993
89995
60113
136371
118955
181531
129917
167747
181856
109709
31149
184080
151241
141686
141011
177337
27527
29123
161911
77066
117002
179271
54736
10452
70924
37463
30430
179213
79351
198645
74482
131957
14917
11263
80393
90606
24400
76227
57012
179755
85528
73753
177422
11550
173205
61029
173305
144753
16043
36360
48386
7901
135634
162072
148817
48703
136371
197070
177976
155982
78563
83901
124273
57630
61284
80262
36875
151284
23284
11339
132268
87655
49789
196192
29229
88915
117826
20265
8218
92906
41360
91300
139665
145872
100828
137201
10510
135316
62034
98043
116167
1740
10191
9374
187673
4319
62960
80262
33941
144393
165240
97191
34830
61149
121616
22404
190972
95578
8647
23284
169346
71736
133796
95831
20879
54992
54992
193000
91322
173869
143002
188507
33538
4319
179515
105111
20373
58890
70664
64439
108452
196811
16076
190726
165146
100828
195903
110722
16137
199263
48300
50556
147634
57090
193725
125761
177307
42687
31553
195770
179641
172927
61455
193725
161911
16670
187133
139665
13905
178566
177307
65762
85645
171024
27527
199509
168256
148621
180657
59913
130641
42687
1740
169476
172779
45759
72645
164135
190010
198646
14502
30079
144944
139979
74429
173302
23079
109709
58928
14690
23079
171859
106004
9374
10068
16427
102683
140672
90267
159454
7250
130950
99196
155818
6423
170506
62034
159155
36211
90267
179947
10068
16137
125761
89325
8970
89293
72805
64090
134953
23079
121588
20854
165039
114075
155464
168811
118195
190384
92780
96833
37043
29318
163287
69954
100621
157293
12395
55431
7901
160993
160575
170447
101450
1740
83437
74482
124236
44955
143002
62723
126495
45759
5606
74861
27751
49656
184080
95831
144279
51794
188995
29318
160931
93571
16137
21047
128714
69954
169476
91300
176615
177307
61140
14917
194539
162241
46337
59913
98684
185154
81903
85922
168811
38519
32198
152721
180624
42210
50625
77451
161500
131646
118888
144279
50059
77416
190614
131019
44666
192990
112803
42762
181792
151936
101500
133757
161726
178962
172422
192822
31364
80697
169972
149930
193333
11896
196811
25406
57090
191562
117344
183629
196564
77687
124236
58928
52914
127019
190497
139665
113468
122153
95861
179514
46337
179641
120680
128399
50625
39433
136683
133191
116781
73104
154982
38519
182919
126965
157899
24366
197558
14495
153819
188507
13463
36972
117932
140695
185046
25610
34673
155155
25610
100578
160575
46043
42008
50248
28472
49118
20014
171580
47910
76873
73029
130950
66742
131646
189113
20656
96039
5485
53721
84790
37545
17631
47910
92906
17153
115479
157304
160575
57081
36381
195770
172927
116181
156548
117149
195091
13783
178139
146685
147977
95393
108862
140369
10737
42283
174996
175375
4152
46337
139045
187180
120507
77290
145570
156365
84188
128399
29993
160931
100767
57012
77578
148220
146355
77066
84042
9007
85320
121975
161568
39102
26337
195903
24560
188034
77663
84050
184527
98684
173302
146242
67914
98684
183629
113217
124236
72199
151937
159155
29993
147554
130408
100621
64090
73469
183422
6423
142084
28096
5874
39214
165146
111084
121145
87941
83476
5959
136683
58548
166451
197823
151060
172422
23590
54004
45008
34330
111891
135597
100748
61029
178856
87941
53012
55820
148817
85327
174836
13905
53452
24834
153782
57417
58890
121588
10189
11476
54652
89237
143657
40375
193427
194298
153782
135489
127782
128740
85325
48314
165731
53687
30329
22402
165933
16670
155026
19111
114733
144393
6830
99002
158659
146079
197526
17318
178962
60445
104867
100154
165933
156604
73469
30031
14917
79176
145754
37784
51780
194539
49452
55513
57425
162856
160071
177378
1580
99447
187585
189743
7901
85595
195090
158753
135432
121288
19111
115637
44811
185367
58224
67712
70911
135432
30600
156365
72199
101450
55513
127099
116181
63710
66734
173894
57081
57836
195090
151060
137147
34074
10068
120507
78415
191622
188398
13238
118421
87445
144422
20879
27392
31983
175423
12779
155280
131486
195770
178962
35132
101629
44811
140262
24431
26017
5552
58935
11896
35368
5552
99002
33800
174836
117056
42101
160451
78240
9374
198341
104638
133887
134328
59378
90585
149189
78276
151936
55820
109184
134863
190738
20419
81521
176498
192822
197533
176498
186881
63710
167275
65631
34074
26843
118421
6199
159568
135597
1580
152721
116181
111084
57090
57852
134863
179123
88743
61149
30600
178856
109044
188995
142974
90267
129779
116167
142643
69954
158753
22759
190134
183999
159691
27811
74802
159107
196469
48395
176081
118421
17318
63710
34589
124236
192679
33173
29366
100154
158481
113132
161726
137920
58928
101478
23749
28116
161213
1016
95430
189905
199041
137920
141709
129199
55183
67914
107976
188371
63710
68565
80262
189743
181065
189743
101058
192684
139345
130047
95963
139510
70911
158481
142671
141011
40888
146079
126943
54044
168918
151800
199770
85604
136493
121843
85920
118594
122127
91674
183266
1343
191056
147447
176213
186227
60331
93761
53846
20192
9729
92714
160876
21890
48953
159568
151060
60164
162680
186881
115195
115195
196892
89308
125446
97953
98502
81962
175159
188398
199123
189113
43350
196478
52804
6946
20910
168811
190614
68976
182984
127099
19311
133454
14475
36381
13238
68976
164892
136686
179819
160451
184074
165101
77563
15673
171769
129983
162680
149189
125395
55513
35366
63710
71211
73104
118594
43430
65979
32825
143261
15673
102225
65979
83476
129036
5020
95963
129983
31553
31149
105111
192658
198317
12000
143657
134290
51704
64475
183289
187180
27828
169791
155621
198935
194545
77290
71159
184617
197815
155818
56328
35430
51032
19188
110300
89995
122697
35366
142974
131031
39428
23101
94055
79943
43350
85068
18737
81759
122802
162196
198317
96275
14174
8276
121843
60190
150284
100828
127494
134727
53414
161213
135432
9374
48314
180099
144016
152587
52442
178036
109044
61029
17153
71159
20656
131019
36541
184251
41180
36289
43430
92714
184381
114267
31444
36580
180775
166964
88743
31364
192679
28939
13483
90213
54002
61256
190738
163416
127494
171631
55616
118188
19311
9157
182681
46519
32884
68829
104957
108256
179819
96906
103788
54044
7250
95725
189443
23441
193053
72202
44184
127782
85604
91554
162532
108658
5874
8502
93613
138165
10009
169482
158481
179514
9583
92780
48314
20656
194298
186533
14549
89732
5874
181854
117344
174857
99436
18567
126943
128229
53875
87941
155621
58890
151060
47378
176498
77555
19468
174785
151877
168144
152953
116181
159568
119975
36580
61256
9157
125075
135757
42008
128812
186032
176213
36289
181065
59651
114828
144279
47473
68133
43350
125075
109709
77943
190485
123480
178877
16761
148720
97953
53315
65674
140413
120329
141011
173345
109455
62140
162241
180624
142036
57755
111056
4187
184381
65191
42535
80725
103706
137447
55616
16603
36675
31553
80428
121136
61766
36675
167061
133877
189481
139510
48153
57926
33883
5396
63307
98502
154906
124549
136683
150650
4943
139073
56328
43669
161894
189113
94722
111891
133820
14491
173345
155453
148342
77943
8924
58619
98283
31483
157275
83848
35624
40888
197540
141700
70845
33823
96906
49260
74402
1615
96555
21890
76314
77637
48395
150650
165199
59651
76314
5332
83848
156382
38064
178877
152707
104986
21671
127494
156889
150650
91674
153782
121379
48153
44542
54044
196811
97595
107535
13054
7849
174443
161299
110049
135337
29366
27886
97911
57836
118421
117929
46790
149809
45389
5020
39218
132642
110176
6559
76574
8276
49260
68839
153988
164738
51866
95725
134697
113370
57081
63279
11286
12413
17153
179213
152953
31492
17153
132916
13055
149809
33999
127758
19582
25544
172222
77637
9729
48153
170072
77637
71863
150650
36289
2562
85754
141700
53875
20656
109313
4152
192679
143254
110176
167433
157712
130103
33536
148591
89651
161894
96397
7870
141969
91211
138555
125395
4029
138441
179515
183297
108058
63279
4882
103783
151219
145946
159009
25610
33098
104867
37754
168918
155453
123025
144279
67214
116181
81762
173526
134697
187350
8485
133468
21661
110176
88360
109455
88084
40020
171131
161835
83129
99400
50882
26682
95157
40502
24633
196377
7282
30518
181821
51866
70410
38529
111871
35109
99690
100888
23794
21671
134092
38643
68580
81780
155963
153988
98377
180624
36289
196377
89035
1041
63196
89035
91379
196377
186063
21672
155963
20368
130788
188291
146025
84208
20198
80793
63215
28492
70324
39782
184176
111871
182446
31483
91211
38361
123989
186032
123025
36580
133429
169912
188291
88360
110049
165176
199129
55718
68565
24633
116781
122502
1615
158327
79943
38714
123763
186063
141304
35189
199817
88743
37557
30691
35189
182446
37557
199655
43430
85563
100888
21672
136952
19582
186881
86203
130582
11556
174829
110468
13054
157818
85372
13055
198317
140519
39782
63154
192771
146541
81927
128010
48419
125746
162520
68468
191007
112684
132642
10024
190573
161658
175494
44905
152905
197565
39735
59958
118468
111258
109781
102068
182318
103783
182178
165224
111705
158579
35189
51391
47910
18488
159206
67576
50882
5959
35109
104764
136078
164038
17559
174542
116644
59651
36211
158267
19573
164961
89651
120507
189842
135337
106779
46557
19720
118594
194103
19151
20817
171859
31697
128616
109781
171769
28018
171223
166491
192974
121138
102711
101031
141447
188269
141700
192716
163991
8958
114828
101450
37999
134092
57442
178786
9488
11297
175494
148789
27508
71348
28046
128616
77555
28994
183704
95963
188093
38361
33105
35610
192974
50606
55616
25240
28164
138527
187398
143912
62723
146055
102068
90390
35109
33258
100767
69675
59622
158069
165182
109831
198317
139138
47073
29579
197540
90938
916
124298
196377
54992
128422
150650
124768
25648
126943
5396
161658
130582
123851
90390
192974
13708
57605
108468
192974
91211
180984
140695
62800
91422
14724
144686
103242
138848
21907
17559
144586
145876
9786
46117
126943
175423
69006
19184
134092
29396
169560
59622
115387
139474
106427
68078
42789
108468
199574
469
100490
169560
31846
144945
188269
152708
141700
2562
67576
93986
1307
139474
130556
162682
43197
103783
122813
118910
49042
180611
188093
175423
8485
152708
185514
103788
188868
186117
122502
123537
916
57136
41360
116371
87712
70845
60537
178095
85563
12026
178491
87612
169434
152208
133597
103584
180611
162821
71707
72153
192974
33020
178095
158069
76301
54318
1
171510
81654
189842
15643
19735
43912
5020
110176
25240
78117
55513
109078
134991
5108
190573
38643
44905
60498
144606
29329
153988
49260
146025
15643
18625
81927
137802
10000
852
57136
149771
169560
158579
1307
161763
104764
20817
112828
158069
134697
136952
19735
79164
95441
129744
119781
193981
170838
132563
134092
61563
194860
184367
124694
1307
137744
174094
144984
92714
100316
156268
161308
179299
17391
19173
145367
120504
28164
118888
119418
176405
110176
30518
27495
133279
67860
16231
109311
95441
159009
16473
51322
120504
37960
43181
144984
143942
6360
882
115352
166713
139073
19475
93107
76007
15805
161100
62297
152085
56992
22351
193182
36121
97519
82640
163996
152938
153988
24633
26192
123989
108658
123025
25240
130198
75610
164365
148342
188065
40627
113947
187746
88783
28390
171930
87612
145722
32021
138698
147676
36541
91074
26682
33020
135489
106427
188422
41604
171398
9583
63215
189714
64749
70214
20391
57599
74510
77943
56982
15120
193231
25432
164370
36015
117300
195918
111044
47297
50226
93490
113474
7470
166713
13708
186117
37202
79899
18228
167381
33823
93107
37545
163991
157180
190241
151140
93986
61256
79389
33539
7470
88783
185181
40788
50753
76574
139139
89210
115269
93490
66501
154299
89008
148462
38064
178056
188500
197116
19475
18502
156532
55458
66501
133429
147676
53080
136601
18288
196090
141157
95441
118203
151140
180757
4341
142989
93107
41057
37202
43027
9100
81781
2136
7230
50279
15805
84703
61619
60809
6981
30291
122502
113373
102951
179075
159632
173678
78942
160641
62277
180611
196090
129744
77555
107959
17139
196090
36541
125433
128726
4341
21040
68133
42789
64164
79899
4341
123330
182104
32021
106920
107959
183418
182104
174094
117300
127807
152208
71936
188868
28984
6044
178962
7230
113122
176882
128726
151786
180757
90425
95222
6981
92713
132881
79728
76301
197522
156716
145990
143254
111685
89210
186881
85923
166713
165675
184141
145367
23976
155594
95250
92071
6360
110437
38270
183315
57753
171223
99799
30923
114733
37202
59769
46194
145788
76658
16231
130736
104813
184623
174763
113122
154299
174785
103783
88783
6904
6360
169487
37422
17391
72873
195300
184623
17559
36110
90283
162879
29834
172981
20770
113297
141892
98018
54652
57783
35109
156678
156268
180154
195300
178589
183101
40621
21040
110437
1307
47297
25074
177610
27672
41604
2519
25838
136078
10024
94907
175494
161100
113940
11448
115218
13051
103365
106920
86433
59750
75139
138048
130666
116794
39363
114860
94407
16137
10845
32477
61563
194280
187902
2136
37822
187913
176776
154463
124685
6779
33870
72019
58952
6044
183894
193333
17090
158244
87612
50608
62436
46102
40621
111139
57397
102807
184623
172952
749
100253
104447
194382
178589
46435
7887
173872
38162
66243
48266
102068
139045
195965
143946
7230
108403
33258
136432
120504
166740
183418
5775
113645
126732
79033
141892
40788
85696
88391
189185
7887
63215
168687
150393
183304
146171
136892
85327
84397
122634
158579
167269
13051
128478
15120
162666
41317
93986
11639
18288
150105
87055
89817
176405
119463
81197
79158
49019
32030
120222
56909
26216
66845
19749
192693
102179
104447
54097
102893
188093
192532
89487
176405
183999
35417
25240
81781
182158
14823
124309
194280
168502
2199
181821
47093
7614
21401
55614
37822
185462
146055
95441
63882
27495
85923
90362
116396
179275
83749
34825
36166
197777
3982
14823
72929
100527
167136
30293
17975
156223
20691
108658
168794
127807
156268
174538
77976
186929
5713
133887
54097
57783
136432
55714
167275
171223
190811
94907
150049
8337
17024
15222
134991
187562
187913
128229
168905
87751
30923
182019
57136
32030
127728
86438
122955
153888
167381
75610
188929
30923
148865
67142
180611
164365
145990
199129
31463
60289
16430
16670
104917
102407
95250
119268
173024
58332
980
178909
148506
156223
64749
22229
8224
99799
189535
101788
53309
173872
94037
57783
52286
41317
36000
109747
186415
140794
4341
128312
8572
174088
115218
98502
4192
96559
158244
90782
56908
76574
193774
4192
27517
3289
38714
18228
41526
159921
57605
124138
144972
16038
163214
104335
9100
92076
36000
186415
14190
135030
106427
16430
80270
124713
43041
17113
129688
131235
173024
145722
47093
14823
142366
116371
164365
177030
168540
26192
1702
168687
127743
149161
169348
8346
46435
88967
15222
73965
57136
133227
195300
37345
95512
91422
168442
168442
27711
58332
151179
184736
175103
197116
64992
57897
198582
73965
20656
54985
11639
183894
84397
1702
100490
16732
1526
151620
199781
195300
102068
167269
144789
153055
76890
149651
27517
127488
148425
152168
70138
176882
133968
54713
191365
194298
56398
46616
113474
1526
19239
165146
13391
71757
5708
33862
142894
124520
27672
178909
2941
143901
122673
131235
157037
173884
194382
63777
86438
162570
6890
185462
114461
87055
184020
13019
2222
169779
70987
105510
53177
96016
164918
90241
100250
43662
8532
75469
64749
110000
88192
93187
35652
119028
161308
109313
128791
16823
76658
163214
152549
157468
83997
149651
98153
1892
25991
48590
170761
135294
13599
72420
37857
117893
51391
3574
31463
28784
159400
90553
170163
124768
36000
45403
96016
11713
53575
76301
129640
156203
94620
76596
93613
156774
134884
7887
183704
105510
156716
33870
24633
151109
25240
53414
127765
71874
49263
154766
46194
15539
75482
117262
127247
76890
19035
161434
91636
83997
122845
173884
8346
167275
174538
53919
164315
63743
162292
168502
862
105290
33870
188999
127765
79869
45403
191580
170163
45403
25518
55412
83997
88504
48266
166035
41604
54097
81518
191007
6879
56747
3982
174057
13648
118221
5031
148219
95143
96016
135721
160816
34796
8532
39428
71874
167990
25991
29963
117262
99762
53575
188781
59169
8532
69611
157948
36025
167136
67130
180105
46337
70987
197316
85426
38865
181873
46616
160641
90390
129688
155061
155768
79869
115387
32228
118221
11813
118221
25015
64065
193061
126771
129540
77762
94722
183704
98588
25415
70987
42926
86632
94737
104793
46616
83997
170340
158016
100250
74402
63764
30291
63800
129955
49124
65183
67454
68250
143255
178589
56066
10797
8346
155963
77394
183907
24369
124713
166353
161068
83669
70987
141892
74528
56908
169348
125000
168625
57628
122819
80699
152715
4997
72019
51387
12592
126851
197889
195300
12000
54652
68686
36025
188929
58457
25648
193624
125647
169888
61853
186580
128025
66243
71888
165521
91161
35652
33862
198748
17975
30291
104556
41786
57575
48113
122673
43114
11813
2136
190811
7887
111712
168687
72315
164315
114258
117239
104793
122502
122191
6904
94724
199784
35182
28770
189177
161300
127849
10250
46683
150049
156678
169560
141808
57178
181846
168442
126400
95024
25649
153748
196957
126400
51387
39987
155489
72570
66696
135721
136940
190450
59169
68337
121984
116892
107870
198748
80341
49358
71631
77226
187484
186415
135721
31367
94323
110829
119163
55058
186032
126771
70410
122502
72025
70138
61853
29018
55412
91594
25999
28018
36141
102932
92893
106291
30858
150049
192081
80793
79976
93469
185493
196957
10797
109747
51387
25323
17024
187597
80502
16430
120200
148506
66696
168442
197787
111712
66792
195965
136940
106121
161068
131991
75266
50303
122114
112161
111220
180644
90667
136686
158016
151184
192602
138630
130851
175103
120200
126271
14492
187484
26358
97366
36141
3574
48923
106104
98298
132354
195355
170016
187484
8503
167061
66501
162229
14381
153542
25374
64077
17775
206
9659
158664
173872
153139
109747
144984
198989
41098
20770
196957
24369
190632
102898
125940
125647
82511
154000
36535
137960
132996
58168
48926
44203
85553
127743
57984
41825
166056
168442
121984
72665
101925
55412
90747
72025
169348
68119
54942
194392
41550
17775
115263
127765
5445
78854
192252
140349
159920
31461
25996
69473
59372
158211
56908
38066
62288
59661
176457
178291
154000
94323
188438
39876
179759
189177
85728
158461
81447
199701
137960
196745
32590
176875
110828
148425
82511
78724
47447
143904
89817
32659
158123
51387
94315
159695
111220
179299
168625
88694
37436
64681
164431
162532
184736
103564
1620
57828
31830
195300
143904
90242
77371
182128
42201
34153
12209
68863
69611
61990
110985
68119
79495
155972
95024
45864
128791
104908
150147
121606
136940
132782
107334
153939
22000
198199
28959
98839
191845
90369
197787
75650
185462
126851
194715
144606
30087
167289
121606
21123
198199
62356
5031
39939
80489
115584
156746
82841
193061
156248
176875
112398
32228
17775
114355
94323
145485
102932
155405
154975
102407
23762
145379
105510
127418
127009
98839
32005
154000
126042
147836
72432
50606
159921
49457
134859
54942
105668
13220
23762
55993
89064
81605
119458
127247
181498
135101
22504
118499
33470
19168
193991
35971
15553
198612
90747
179483
133377
192715
1620
55567
160693
57322
137682
73770
61461
103807
199128
21471
77637
90369
92286
172950
125599
88192
88783
39068
192081
166353
72592
9943
100483
174538
130150
66490
122673
21907
160693
89028
29963
151161
50571
135101
102512
23142
125352
12653
19559
27606
98839
25649
197787
61421
170163
136940
108052
118155
147183
195965
192556
114355
72570
179759
143901
67120
714
126629
139715
7623
174102
71578
81494
86947
5832
134859
136814
51698
130150
168859
32597
125523
118155
17587
47987
3210
14492
99746
127760
182178
55567
60768
195908
27313
40956
131647
118977
174300
13844
103807
129498
18638
55741
78944
165008
81494
132354
133043
18753
195300
190238
60768
146164
125352
62913
119458
131215
89468
125354
119458
109452
149940
98655
4682
112429
69410
66490
84574
57322
99746
37436
153139
80270
12209
119458
63044
173884
158609
160254
2222
143656
194392
178877
99579
192252
88941
181199
46049
134005
57239
41810
88694
129737
88941
125199
33573
37050
130401
180443
12653
3289
39068
63196
172458
110709
135496
86883
80502
37960
116420
132782
55341
125199
55804
39849
138917
150147
14590
30691
6879
125647
39068
17975
121606
122845
81605
25518
77637
102876
192745
78156
89651
109364
12653
58457
101853
134682
94620
71903
23703
187484
5943
198989
140937
187175
184692
67272
66490
132830
195908
43006
61798
38891
13599
167156
17878
13844
159534
62337
138848
16047
122819
178618
117892
167433
108720
111220
132782
45437
179869
4951
70963
136814
7603
100587
173256
193753
106474
6492
177587
43114
17024
197580
6044
106407
68675
81608
165111
171586
100763
71631
167990
15969
138921
67915
190811
30222
199088
158609
33573
150105
109449
2938
16047
187857
184315
16047
35466
164654
96873
193753
16047
94015
43006
145485
120200
116178
190250
20462
178909
184062
88504
138647
146405
130150
104556
157780
145626
57239
78156
79160
43006
31986
69650
78680
61461
118859
23762
121360
81661
6083
155987
159679
69136
35748
140891
148884
124138
129540
173721
186361
158609
192745
112956
103906
187499
47266
114420
80137
159014
141518
187499
136272
122154
31697
188438
76373
32030
4341
111076
47266
97376
192252
118256
198231
49858
71631
46049
106163
16038
196709
115812
124501
51131
36166
68250
133407
41825
58493
51248
61554
63502
160397
39004
48901
167156
32939
33809
165352
5020
112956
62337
199557
60720
159775
94315
136307
152760
78484
7603
112773
91660
81608
125940
