1
1
1
1
1
1
1
1
1
1
1
1
1
1
192597
1
1
11713
48307
1
1
1
1
1
1
153623
1
1
1
1
1
1
1
1
1
136411
1
1
1
1
1
1
57630
1
1
1
174321
1
1
1
1
194708
1
1
1
81861
81861
1
1
1
1
1
1
1
1
1
1
11713
1
1
1
1
51059
1
1
64385
1
1
1
16038
1
1
1
1
1
1
36767
95107
142136
1
1
1
1
1
1
1
1
1
39590
1
170405
1
75565
66825
1
1
183047
176112
111429
1
1
125835
1
1
95107
1
1
1
1
125835
1
129129
159182
116504
55499
1
1
1
1
3089
155572
118422
175348
169872
1
178783
116504
1
24256
150042
1
1
1
74217
1
35689
1
1
1
1
1
120199
1
47180
1
30855
48075
159493
69928
1
1
1
77220
1
1
1
151395
58611
1
22769
1
159493
1
1
74846
182929
86429
1
100852
143663
1
1
192487
1
1
91188
1
161497
59536
6599
120334
176314
1
1877
159182
41410
50445
1
1
1
1
83726
136587
178354
4929
192487
146854
57576
1
1
197874
1
4346
1
1
66081
1
1
1
22996
1
159493
18795
84607
133752
182300
23705
141186
1
49455
89576
1
14827
1
72035
98024
1
90056
174026
90235
57576
74846
178354
182300
1
11077
77040
1
48075
147211
71413
29566
14827
1
14827
147211
155334
193951
168463
174437
29566
136587
80664
1
73775
21017
192487
62692
153332
157574
112923
55071
1
1
1
82503
22623
42202
37678
1
14732
1
1
13902
21017
1
98024
20198
1
88547
199399
51727
29202
139269
166498
49582
48889
100954
116168
173792
166859
143801
199399
79710
92588
142898
95538
17553
1
174262
1
1
32976
52066
196690
150835
161728
159493
34615
77013
156019
65165
118738
191456
1
32976
154142
123419
141459
1
32976
32845
1
1
152679
137823
1
54639
120387
143801
1
100488
121437
118422
14648
70768
196737
196737
169834
199213
1
184598
60118
9990
1
120463
123740
152073
1
120387
199213
118444
42199
26016
28475
121810
38247
46967
9990
2972
199213
14545
1
43116
84970
143075
76610
118422
106902
7493
32976
1
116168
183185
18754
163184
18764
1
1
77013
9109
190829
79310
6016
59110
168816
37869
100687
7930
56054
1
125486
159422
36502
34615
42202
102539
55681
1
1877
1
47180
7493
43116
28737
147393
101204
73775
196737
77989
157495
58313
93077
171734
1
44072
174918
86733
130671
102400
9307
1
52066
96043
175028
58403
113157
115689
42953
28169
17752
172198
92905
71405
15891
58313
49510
283
159182
130318
163184
96639
67526
77013
145320
141731
120387
37173
139918
175028
1
37173
81861
54639
60118
123419
108587
54690
138271
1
24593
113644
81225
107852
1
159155
5684
17223
187300
6016
1
150042
1
1
70223
1
9642
1
1
115467
74543
163186
130318
121608
151138
169072
190391
28423
65559
119082
73384
1
134127
184598
126528
58403
116903
132927
77387
1
102400
1
132927
130318
40719
54690
106317
12210
120554
191160
750
139918
109090
129762
104443
121606
76434
77470
142479
86664
176215
15891
131148
102539
41607
179827
152073
134391
1
170171
1
1
6228
1
157495
115430
173463
131148
1
99166
1
191160
43545
2972
153309
115539
139136
1
56115
113259
1
151138
43545
44116
750
1
74543
90792
10000
28737
187300
1
37832
31422
160924
131148
1
193240
34374
1
33116
60118
194680
86733
7954
168463
1
9307
84690
139918
199213
176085
190829
170171
174983
58403
57574
151157
58313
192968
41607
196414
37678
79708
183942
79071
40719
119220
101165
80906
155334
176195
1
100325
82305
157436
779
58313
7074
6103
1
119220
57082
43116
1
155473
85617
110004
148435
48140
191160
120443
100687
77470
1
29895
35685
88426
1
99166
85617
82305
40438
79708
151138
173463
57574
82849
16011
197990
95846
158629
59899
130435
151555
40438
176085
1
159023
86383
132388
50296
61472
198014
115165
128277
15527
46967
82305
20752
185882
1
148872
188067
15527
17598
146408
39047
133742
120554
181640
142479
133334
1
131583
152740
16375
57082
5791
158863
187971
1
14710
37832
25908
81687
151957
93341
167909
7452
147393
37173
60118
139475
152073
109103
85728
93341
1
1
37832
126036
78528
13717
5622
4924
152740
131583
13717
184079
93839
100689
157939
155473
199399
134829
1
170740
169316
125245
48140
31618
136551
96588
39047
8185
57787
152016
48889
102948
92166
82305
78448
151555
146432
195966
23006
188618
142458
57278
65234
84866
1
103640
34613
13035
1
46130
146408
47399
157436
175440
1
89525
7539
1
138271
124611
189045
120443
17965
120233
175440
28278
58403
123377
66108
159371
61510
89735
98480
28476
96588
55822
57787
69053
35714
1
81345
113157
139918
109941
23212
105961
95391
196105
98480
24912
139136
158048
24749
107180
167161
141459
114088
168711
134681
75514
24749
81004
29511
195390
1047
179827
158808
170166
174585
92094
160849
181574
104062
34613
196522
111760
12152
149492
96673
177159
18524
115668
102931
120463
106288
138409
90164
143689
176195
4507
127741
159286
2555
156239
17661
25667
170166
88776
147448
28317
142458
135755
178661
138271
155868
69208
76347
100325
124062
188087
130255
82554
63368
76347
142458
97911
125632
163637
184598
69053
128612
50922
102732
28476
14421
32657
156292
45434
44075
130255
110548
118699
182563
196341
157857
4154
67732
100325
151395
7539
28874
183628
13035
164864
1
3047
1
177015
17661
27124
47399
76260
138435
87003
139475
168450
17827
181242
127817
72153
180844
130255
121278
151971
87003
81333
120443
106711
93666
68670
66978
142136
179827
57264
126914
24749
100488
112954
91305
20296
1
126352
88071
195390
118699
89883
122922
57398
51493
97155
14362
36475
114973
141319
55822
143689
127741
112954
127318
18817
178128
76347
112954
3047
143689
127817
182268
12210
60350
147521
147521
99390
152778
155395
127741
178128
170398
195783
173595
198521
134468
88024
30249
138243
27677
57443
90322
184227
191841
183535
182282
20296
20296
120159
141259
90056
114088
113580
188804
197794
120233
93672
117068
1
168711
15920
63694
147335
82554
77367
41165
176986
181653
147310
29443
199492
56642
125503
108891
75025
51538
111809
117379
21962
23313
37293
20595
32657
86688
49473
162533
651
121301
186640
12753
116262
110548
100488
141031
143689
91325
61115
139475
114973
162195
21508
173025
95236
174530
43545
180366
180366
20296
102950
125569
126914
159286
40956
114279
18817
12164
95442
106601
24908
63368
59956
166982
120554
95929
178009
111878
33859
79989
60016
61674
61674
27144
183628
196532
50708
143689
179850
189791
141945
159286
55822
105522
59306
82947
115539
181030
39323
156188
18116
33172
174889
133334
61141
120233
99293
143689
139644
23272
38248
95236
67040
121251
22025
47600
176032
112954
115223
51186
170633
95330
16485
141455
125155
2213
196532
105383
67008
116479
182563
115103
14439
79176
147521
96673
79176
82872
67008
96933
139918
147521
80541
95330
126469
197106
18754
145304
3047
99859
126446
73059
130480
41999
101056
105669
119750
90372
42777
128978
134893
150042
16628
147310
189791
61488
20683
7777
87003
67790
118757
194967
31935
155868
80541
128612
462
115653
37482
1
174303
53353
1
175440
2845
157135
47439
100795
147490
192970
40444
24085
148139
130903
123377
99519
58461
182707
147521
130480
182800
92637
91325
81800
180644
145114
163311
55663
3089
141760
46000
41999
119733
70662
47600
89186
172324
166893
115695
8152
25737
118757
78252
130799
109167
188586
53353
61488
178128
89186
145114
192432
59229
96896
58382
33610
28832
101150
189235
81800
137615
100795
95678
26775
162155
84034
177588
55663
51367
92637
40482
143518
189235
138233
62223
173814
103903
52429
79200
159850
120971
184522
98652
195674
13815
14254
92799
22346
1
138931
102391
134893
17329
150098
27087
28874
92799
189968
184753
49968
61141
71775
101372
51485
7777
2619
14606
111364
155313
26293
11005
6923
87310
44545
98652
155985
130480
64305
81800
29909
92637
7567
62223
123991
81800
124883
101056
155334
7567
185988
1
45958
45031
171077
57787
95777
51367
186109
85728
104861
83377
119987
130480
58461
112954
28669
173076
150574
7567
168654
52865
20925
143214
92558
38991
86063
175830
61141
129127
155935
11549
120971
16301
181030
158920
141259
79938
40432
84619
16966
80865
63103
170351
150441
136910
199731
28489
113222
20925
45470
54450
87848
193848
95330
28489
159263
144900
99836
86597
67002
155054
132147
71912
89170
31935
41107
179858
148215
22105
161196
148215
40432
49118
45932
155985
63366
16628
33542
71775
76232
88144
77717
45470
32370
121774
63191
134678
103512
104273
61820
197999
192257
42939
60353
63366
1
61820
147310
42959
178462
183530
168551
140913
90812
14359
84050
63191
46050
158920
99836
176047
153408
119988
99836
175830
183530
113580
184753
49154
83431
183520
199935
157409
119988
148175
118699
23958
89170
153408
42777
27055
157857
63191
131488
152477
143328
58971
94111
124881
120555
162473
192355
138932
72859
198044
106601
26775
113793
19675
74900
172789
18957
4369
106853
50678
85861
41107
104535
96973
135755
7954
174303
55327
94111
168550
24307
173557
32516
165357
94111
48392
2619
24317
150722
175781
172219
133583
170351
155937
180882
120555
92750
27055
63366
33494
12224
121936
53353
23958
89170
37535
134678
36241
121936
97458
23958
5443
71489
5443
51666
192678
81001
179449
92593
61820
26775
159516
167469
19380
174303
116859
136204
43826
74307
107186
97343
161516
148175
159155
148495
132674
63328
81001
55327
132427
146245
90124
7954
119988
104716
61237
159583
199831
150722
172577
36674
197333
6280
98652
42927
103512
148175
107186
39168
150892
24307
137520
169182
72188
23142
100641
42927
47439
119988
41036
85861
162072
145022
119545
163182
192355
15799
72188
169182
75125
25914
146283
83348
173350
168550
43273
41934
2860
158629
198133
113055
40755
199935
117719
56154
169368
91474
117935
165897
162473
173557
36984
128000
43826
148800
186148
152265
31062
64245
41934
61820
167610
43826
5486
39820
34757
40432
1
24317
167469
172325
111370
192123
34569
45056
152265
59121
120262
189791
15799
191279
42959
104716
178149
10428
365
178047
148800
96602
121936
7968
91464
117861
21737
120218
100715
365
169182
39168
120218
98028
193293
52961
172219
96729
107186
141248
70408
124485
68566
30949
32615
192393
60575
51186
178000
153663
185912
94198
178784
58445
39168
198068
34309
115264
33369
127801
21293
164291
118195
104496
104714
98028
150892
197945
41593
67836
28006
110626
139642
105276
192970
82449
42959
22346
106762
178047
192355
55261
18219
174560
192393
179120
191246
10308
142194
155808
58607
52683
100715
98086
90661
169626
81129
117861
74818
120218
188949
155937
53756
47990
64229
189329
134836
60051
117935
94585
23452
174683
1
129457
27882
44319
155772
37266
70379
42189
72859
85861
197021
51449
11077
98652
149493
75552
110146
133999
104850
116102
51285
136533
39416
9813
106456
174560
54680
141027
145179
104717
15000
80346
117861
114234
39261
79938
20858
109963
173814
191489
74968
107186
194179
192978
195578
147738
136984
198140
132208
105276
37112
76998
144310
147580
80346
192123
36361
119594
90124
141027
147738
31303
42189
85245
31364
70379
152513
7954
15799
136533
72908
160328
16568
145179
94585
114234
135669
147580
188896
185912
32516
82461
35833
86786
34764
60348
30952
141238
37460
189329
192978
81274
70379
31442
29376
86801
44445
174560
66539
80629
138631
31303
977
47990
35536
36915
91474
51449
104459
88073
2145
197154
146875
1280
80710
181661
86801
163423
188804
162072
85656
148348
189329
97413
120218
158668
68349
53593
182617
47199
79071
153461
160328
181035
150574
186835
77726
106563
15000
42764
17583
141238
136533
56885
158489
2359
136984
67639
57650
129457
34764
181971
37460
59136
157343
163186
123986
144352
96704
144352
160906
50742
178000
71474
79899
60039
741
124079
80555
61745
35954
179118
29376
58869
54680
186446
174312
68329
2759
16966
176142
91474
34795
81928
61745
169821
46707
193159
137547
675
86801
15000
62549
87569
145957
164553
41821
70408
171070
3297
68329
35107
176142
59527
178047
121743
51285
42386
155101
155101
144352
193233
124951
106853
59299
110146
186908
135861
100615
155101
191133
1
151935
175356
388
186835
181884
124131
37855
176142
80346
80700
69971
86801
183415
142707
158795
105676
169783
89581
12208
121056
197999
80346
108220
12208
171092
135861
11753
96887
158668
11753
22118
55675
175908
174312
189792
81686
16630
123584
196106
155455
74334
41036
146727
129457
59831
4275
54680
181030
143789
50673
35107
144352
104557
198101
189792
96436
195493
2359
43091
158668
69373
46078
172656
36650
72548
68076
116102
168041
186611
166192
1042
187344
7777
150293
64993
182466
15785
100685
31939
55821
35107
135861
175491
79991
41821
70003
37269
186835
86216
42904
150293
4275
162734
195153
1280
53067
95088
150396
187921
118277
133515
28290
198862
46171
173694
56298
39416
178784
36361
106853
162734
67501
159863
74308
69373
90427
146582
79991
41107
22301
28799
32516
59299
36361
33542
90427
118286
85656
156026
186090
73696
72548
90397
139028
175491
172656
121461
15055
6060
154461
186090
132667
198101
10091
50129
103482
100685
171791
174287
98792
181884
159706
37460
11254
161330
36887
175222
184926
1
33801
49999
15818
118277
139734
46707
186908
60637
73434
70596
117680
195153
177366
22346
154461
52725
173694
77068
59405
97919
166112
75917
117680
156728
20585
89581
140240
122693
57663
126059
184793
57973
178731
37940
70776
57024
176361
6763
100070
130362
139734
84784
84784
175222
158795
119913
149493
199796
190030
190564
197886
97919
196980
114455
47489
34764
55821
44445
113916
56975
36131
178731
100070
81229
36131
36131
199796
197886
129361
33577
122650
72908
111835
52683
158302
115538
25339
13712
144142
170263
22118
79991
199227
150004
196106
139427
97849
105276
100070
29237
1
127269
188896
193233
109011
151052
4213
22004
158302
127269
88144
37813
169253
31842
161516
177366
26764
160351
164553
115538
78552
109835
75709
73655
105676
82761
72471
69373
131988
7428
87317
108741
78335
29237
153725
119102
82889
118955
7140
70596
131988
154258
161626
51485
45056
45056
164990
47489
14750
105455
50168
119651
196681
125820
70738
118286
50168
91647
97413
49352
105676
55612
19597
68329
195186
158668
11880
44510
70596
22887
46776
148746
173636
113128
191682
52165
130628
15009
107052
164990
77013
175583
190917
125953
151132
22004
24697
70738
124928
154258
192123
151935
104317
87204
8148
64054
193537
161061
69139
60051
41438
193217
44280
86635
160351
57314
137132
146727
120026
70404
130628
123190
24089
91647
103361
78454
146875
107052
69004
158657
24953
192971
54838
47106
98792
107784
79559
150574
72338
46340
104779
174783
176667
19935
59831
44514
89169
46275
157674
161626
149207
22887
103241
119432
54832
186432
50168
158657
152576
92996
46390
46390
9141
23187
99823
1
163577
195508
190030
43091
62216
24953
148757
15009
172745
63524
37256
186908
157717
114811
118286
96940
46390
55496
136597
46390
183366
126402
41934
151079
33404
57684
977
183967
178914
95434
126233
142796
134247
51653
94144
61547
114811
32098
22513
193217
172969
60825
179443
125602
109011
71638
155801
23187
49999
84302
138721
35783
15332
155182
64054
130573
199796
197313
110827
114811
8747
109817
142314
107069
11351
78696
184163
78885
26681
140602
141532
47942
117537
140602
117409
23187
90368
196625
153663
144401
167036
51897
21917
78885
137482
11880
159987
96940
199796
70738
161155
44445
193906
171979
194319
107376
96940
33078
125602
51897
186818
182028
107376
58694
196116
194613
184637
87918
166416
28054
120026
47585
23187
3711
9922
7459
163138
148510
186807
79224
172656
142918
190030
135485
137482
117409
99823
196625
192248
133389
162810
7428
41438
46340
87918
163294
155801
23187
114811
3452
64931
178006
117409
31350
5350
45581
187573
135485
177327
79224
26313
134247
81020
171529
184755
90839
155978
54832
161155
71286
7032
147893
7701
12747
1559
129634
115530
33404
147893
156968
83836
42876
5451
74013
190030
116141
163138
179339
152309
166958
86430
57024
152576
112622
178370
92996
40255
193899
22887
162866
75499
98659
155801
55891
132253
8266
143147
112622
179443
166958
47181
87932
174455
116141
140638
79224
144352
19582
178914
856
77028
114354
44228
141343
12515
163294
134678
120026
74334
196790
156026
152054
104112
166451
23221
173064
34801
155483
54838
170214
44028
57312
18583
171092
138891
157717
107569
196790
35536
9509
129717
23009
34801
135514
59044
39245
123568
72472
162495
125602
133389
53071
129717
59030
108636
100526
1002
112870
5451
168195
166880
28054
23472
157784
28054
118024
79234
24020
125602
100526
46078
25
140936
59567
52051
190422
63936
178511
102759
14954
184750
87413
81188
96588
80462
144052
61511
19301
140571
61511
10824
81092
97648
53626
26108
72459
114437
150229
196625
18300
164361
152576
135901
163577
143664
68999
81394
139488
15442
152054
127338
102759
22381
5664
186299
174287
90203
85167
46944
49158
25554
113757
196790
7322
147688
97648
45450
81744
20864
79477
25093
75921
164536
160720
85479
188739
185639
15442
16943
23986
85167
49568
32700
184755
100750
152174
145441
31818
151884
125388
133368
130528
174455
60269
140913
155772
69466
87932
16493
21155
133816
85479
79477
117581
10161
144746
58869
126233
96880
122198
189440
6064
166416
40379
12314
197077
199374
126255
29939
70989
1493
36859
176864
53658
44228
53074
191448
126255
126255
78454
53074
23986
118180
137830
171438
15307
181080
12797
144955
122011
112622
108636
87317
142304
104523
145441
111032
147335
26681
132253
115530
23221
32731
193048
46340
75921
47304
105958
123766
170336
182617
34829
168889
181552
37406
35916
68530
60637
56109
77095
102937
162866
163234
116000
11356
191448
75360
10826
12274
175657
164536
123698
69169
79477
80462
176864
194032
85767
10161
119119
31939
166486
10826
74334
177322
180245
119752
169230
124797
70802
116863
130967
181080
145418
152652
74051
130993
59044
64440
68530
118094
5451
139019
132441
115469
100793
120022
108869
189457
54276
72472
70774
67063
140163
81802
70774
69169
174194
182262
142063
114354
93639
139019
79234
114120
180014
150113
71826
161095
74334
188688
116141
111032
27705
64480
151826
94908
29852
112693
13704
2697
166486
181485
44646
90372
162495
105495
14432
81861
127484
6417
195153
162866
183383
129740
14432
30423
136415
186299
174194
47019
111137
106457
60898
17508
195535
177337
130993
133816
1400
86082
10693
127147
72548
170571
114354
127138
83924
31666
11780
12274
51279
84505
133795
149050
67848
67848
122693
119098
14393
65460
183967
109664
70006
67848
46340
73369
133816
9292
34829
48019
134398
6417
3327
47019
146466
26170
65048
162276
87429
181491
151682
66415
30251
94371
101192
61798
104111
140936
149050
58017
66630
137115
56048
12854
45450
190325
23859
160000
190402
76909
53821
98234
34585
122008
3957
82852
71593
132562
105619
88961
54382
145418
165231
141989
9292
145492
30251
120145
193694
99971
38340
111137
185360
149079
190402
70066
149117
8422
103102
52487
152054
101780
64911
22731
24919
60571
56947
85293
9593
46944
79351
118675
158100
87964
46614
183596
72062
103460
165354
193694
57024
196505
5961
90759
185563
131467
124728
33124
113346
82287
31940
51279
155621
18679
134000
25262
96294
193787
15103
5066
56048
182934
140455
151828
111162
51143
22571
163597
170571
120004
158917
170571
179134
54838
144353
28472
133876
68084
192656
129740
72062
59941
129724
179708
185639
157674
96006
87566
111162
17508
36131
70352
16350
74412
101023
171806
13403
17508
42199
195637
87254
56599
171806
57764
82165
69323
34515
67063
42855
131467
156062
153204
8800
30251
16350
174964
137059
49616
152464
58329
170263
31798
71577
163782
50339
86447
159963
79224
71715
144052
159983
93803
145492
182262
130993
75462
36057
51279
70006
177403
106457
128784
159211
83450
171529
174390
96791
109327
35735
34034
21712
118085
189262
157042
97123
140455
9731
150011
56495
162343
137115
4417
114811
168385
49972
54214
146285
112803
114441
117379
90066
100772
113713
35735
86796
35494
54038
145825
142974
136247
86135
9839
35735
45450
106475
79507
71715
87471
34984
105121
113346
112803
49899
69283
77723
133876
40354
106475
96061
48855
160667
126958
165354
106934
126045
153663
61113
53074
71826
45733
184585
173633
145825
100526
152576
152111
114167
109664
172972
33569
163138
49223
35567
65460
137436
160741
149050
194032
97123
79573
1946
148268
155542
80864
34984
96006
61113
16350
91648
119800
28811
179708
33569
57172
23433
24555
96479
30938
54276
143567
141922
172972
70006
141853
155911
66375
192802
180437
44666
125046
62549
186317
194693
47456
197396
106176
57172
25093
123438
144935
22675
11908
90834
102343
74334
35273
65478
143567
55822
109945
140885
50793
186410
190537
4417
114167
81861
77601
23472
179518
117808
172601
131792
111279
174291
4888
163245
50192
71896
14627
168227
147396
3336
61761
127888
186299
11137
51143
177403
142304
114437
116775
28100
69496
44239
35923
82942
10651
140607
82761
171621
49675
106475
39820
136986
147748
128982
11980
142333
10194
99960
186317
188089
62515
178511
190537
11980
79507
152111
117321
130993
91698
4888
160741
73290
137682
109312
193678
71896
41944
119010
111279
181808
129385
71896
27865
156062
159963
76357
150971
169766
119189
65573
155911
175180
193702
107646
166023
105092
9950
76060
90592
63454
118984
21406
11908
18670
163245
163620
11636
44239
20163
185000
56377
169520
197396
49972
2697
64425
154182
171046
121347
106176
89876
111162
168768
152782
121347
10177
160741
147365
94972
35567
96403
7351
64425
189457
120246
90943
155449
123985
27996
10413
173167
11980
122113
31893
108547
12496
136415
93712
120365
34096
108619
155181
115133
70006
