1
1
1
1
1
670471807
1
1
1
670471807
1
1
1
1
1
1
529948551
1
1
1
1
642088090
1
546668320
1
1
1
529948551
1
1
390844159
345413389
687876294
1
743085699
687876294
441254711
743085699
812971432
1
865768498
446389698
262936715
163936878
530320174
1
693876852
865768498
336246121
681347029
1
149751275
229919816
834685200
693876852
906987585
530320174
606160102
606160102
441254711
790241767
68257586
367720909
637684571
149751275
675891087
637684571
595440451
937502965
616580799
264312282
117191964
149751275
336246121
595440451
990091454
637684571
586900049
186264290
386441703
365966899
681347029
812971432
595440451
990091454
905272857
367720909
699627358
186264290
174703533
864239243
367720909
606160102
258564346
386441703
581114911
258564346
990091454
602223590
381451278
242008650
27557163
843817861
258564346
317529766
843817861
151999897
602223590
790241767
782378305
448698089
67104083
613065073
468602856
314446129
186264290
285799347
258564346
60866608
699627358
693876852
536962114
174703533
864239243
908593154
811305367
186264290
979982408
468602856
382608529
906987585
577075786
546541510
864239243
507112540
593329941
602223590
380148080
443949741
587547833
67104083
982281216
892426633
188814279
785057440
382608529
250786262
375372540
115082624
670852132
115082624
741592360
306129768
306129768
1
48395230
69407047
860062775
67104083
737274682
178086813
583849688
178086813
500354728
468602856
188814279
583849688
371637132
587547833
840767236
380148080
115082624
581458770
306129768
98435577
254876303
586159083
178086813
625826779
500354728
583849688
500354728
587547833
174420070
250479870
294759319
255924081
465917849
548313282
773452863
472063307
178086813
71455008
183061546
959412748
789320103
183061546
558276698
792919366
178718066
81020680
178718066
157064947
959412748
71455008
682382003
792919366
747978902
478171243
570213451
204261654
416669195
92386108
748878101
382606057
600567389
98435577
509309080
98435577
548313282
338756015
600567389
338756015
600567389
157064947
682382003
509309080
941128596
875974704
875974704
570213451
704913293
367720909
51241892
669089584
317129154
751198656
667498657
693604018
74083406
601882111
875974704
928051095
258251320
61999149
509309080
396529632
316225713
836132189
188761182
416669195
148832347
338756015
23837728
801255106
193883414
329944228
261594689
928051095
261594689
739379288
40443405
610730599
85101018
97486501
230576575
203394672
157919422
620236052
564997510
836132189
230576575
203394672
261594689
157919422
148840894
113965212
836132189
657764269
930299757
74083406
657764269
401902235
914583473
238748249
683165703
266596647
148840894
758116114
758208545
637357219
605499707
266596647
401902235
637357219
355074368
283934232
87623693
917577800
355074368
131297171
672982743
747301058
758208545
712837128
283934232
105976172
657764269
570213451
404832160
139387802
139387802
826840611
174420070
571658135
290496091
952532527
747301058
637357219
263327483
157919422
148840894
294202210
263327483
203394672
637357219
156517058
791593568
493093496
238748249
777487943
544166839
498030060
341882811
791593568
777487943
895772918
230576575
858438391
632773967
341882811
134352404
745463447
698121852
70481643
145595626
918251572
918251572
283934232
808261023
317738871
897268835
183061546
681692529
141248849
612381349
355074368
156517058
263327483
396529632
681692529
42043053
681692529
698121852
254663340
375409582
841323621
577285610
263327483
790101670
390371788
932225073
831517162
867515209
454851816
808261023
759707573
897909477
375409582
669244635
323067281
454851816
42043053
592654386
800182561
258607982
245453972
756403958
756029918
290496091
705629482
948205952
280335390
745463447
869138726
249499324
836132189
869138726
356978014
180022044
273126064
765897317
120917895
120917895
596264707
765897317
916719279
323067281
829401810
759707573
800182561
323067281
48528959
681692529
916719279
210681556
709483396
897909477
472870588
131386409
468263270
331959979
282955367
468263270
468263270
801188367
867515209
541120396
857031615
190997370
120917895
400973169
368990969
384833480
946097621
949833020
8600374
356978014
783748106
904430491
525618084
294846278
312895752
383112762
476701074
207052771
294846278
8600374
431532263
699671605
646043508
405159619
646043508
577608793
646043508
359914445
885405964
205209253
549375045
801188367
8600374
48528959
756916105
615977295
307857423
539936798
107799631
995487398
306988317
539936798
281036988
493093496
834797893
323067281
4609285
172027008
160781417
71778930
956453993
573145123
15826400
495859251
111538283
786366764
573145123
179035027
857031615
111538283
172027008
668841409
92262010
911582985
150912648
577285610
723162776
244911348
16142928
55969700
251356689
737441947
573145123
786366764
92262010
801188367
772958450
151859927
552481548
772958450
522908953
595478596
696116607
431117343
251356689
184281843
447724439
92262010
722839336
595478596
510980834
577608793
574969251
251356689
942825305
723162776
306988317
942825305
234031846
921596148
235281361
685866456
767083047
510980834
42421195
782274284
701838583
650212571
180916701
29211544
92262010
123100046
125365894
701838583
552363365
279323896
125365894
266693173
207337100
180916701
691282651
901833244
184281843
263456654
207337100
266693173
234031846
524416142
157121296
942825305
364764560
981409403
157121296
364764560
141550855
249042442
767083047
983838220
81781569
756538039
541876638
662752258
249042442
234031846
119151072
830283317
922756396
570341818
349122558
100719598
830283317
321964252
180916701
29211544
983838220
199550042
866509926
536306135
802137517
207337100
123100046
473824734
940010333
680700784
541876638
21632220
882214531
473824734
100719598
123100046
675355331
920235824
675355331
246978249
489180080
632152491
266693173
81781569
146466779
756538039
489180080
883262708
885023971
564281672
11647076
870220709
141029744
536506684
710437368
634312739
680700784
484763104
536506684
634312739
634312739
3835251
3835251
940010333
870220709
536506684
107987654
249042442
402755300
3835251
110938964
824698431
993166497
953537965
381926001
810193546
110938964
883262708
381926001
625218740
338015682
176681076
564969223
790794316
129798449
176245463
870220709
866509926
999858517
176681076
230136165
4565736
940010333
146466779
386081604
267063006
176245463
330261653
878312743
352587714
597507992
369551747
110938964
157121296
41337879
529608664
993166497
811270827
940010333
882214531
39843365
176245463
3835251
39843365
217185888
14111838
125365894
537542225
321054445
172504965
14111838
878312743
780255703
36174057
688268373
217185888
384454220
41337879
993166497
74672842
504284065
276908347
811270827
893127552
800494049
743038491
780255703
130776527
351128243
905472078
351128243
261690225
384454220
492392731
381842825
74672842
658692551
181458711
181458711
254346629
975700219
181458711
645570124
905472078
697504148
786166764
321054445
321054445
959951751
645570124
975700219
632569778
597543940
10718961
10718961
929672319
208871712
775171455
218845500
98734777
321054445
884646525
181458711
208871712
802877724
884646525
866160891
107706661
426323806
107706661
369960747
132699331
371809852
14111838
458915054
289744672
155913376
981871914
208871712
184166972
919425112
149023759
295259200
426323806
295259200
14111838
214119004
295259200
866160891
295259200
132699331
501461490
80280395
803214965
780255703
492392731
803214965
793726081
872101654
313846410
866160891
158454354
545294007
119882197
184166972
764804593
505421332
689373419
949412319
389550124
958010727
818567087
546877607
73106628
919585414
110938964
130776527
119882197
802877724
351128243
476380513
630761768
410214438
447466508
184166972
150826497
188458069
73106628
212534953
621244537
764804593
282856121
735496416
63246244
313075169
63246244
63246244
843801505
416785000
520384203
481302265
214077368
149736112
481302265
164744368
207042080
803214965
481302265
943888696
782166060
938122178
938122178
938122178
446175334
218845500
313846410
990586567
840058394
632569778
83266607
990586567
938122178
996495308
938122178
100808191
481302265
819632932
64729326
905472078
385484616
793131768
735496416
527836444
872776442
150826497
194387868
164956687
385484616
259006452
259006452
772429476
556098731
188458069
748399092
977863132
143308168
449711934
646488974
194387868
812004633
673149605
259006452
996495308
196134511
476380513
872776442
222422366
938122178
792372517
441887341
109792003
738934554
281671842
416355143
100808191
907988965
183702213
903047548
164956687
848523496
221095376
504923196
673149605
274294273
442879031
179200010
571394754
164956687
152443622
259006452
236883509
240050296
581919116
442879031
903047548
486146006
270309373
441887341
194387868
71439089
116956695
720396245
240050296
412058850
953045214
920647359
673149605
150960121
980216026
314964990
581919116
71439089
753843655
738934554
116956695
737920835
455142291
933591328
116956695
113477546
907988965
812004633
737920835
511844472
236883509
413474847
116956695
758900398
13028004
720396245
953045214
753843655
511844472
635941147
813027667
937259083
790298184
931305570
937259083
937259083
770299909
882520863
92643461
839082007
247621916
499062076
166846840
920647359
854835622
737920835
196134511
86020424
737920835
617680734
694092679
225132504
953045214
999145964
635941147
865700042
209081739
164012499
163341579
359193963
163341579
455142291
216499749
965638419
661200141
629454913
116956695
5165654
144871206
92643461
937259083
661200141
475315869
770528837
518269520
216499749
257764096
374264715
518269520
953045214
455818355
684691239
770528837
608138793
327639335
676910185
578655480
490320273
431995325
415376580
518269520
854835622
993592829
683220987
394654166
905490007
74521746
455142291
107268582
107268582
778678164
279298780
778678164
967443232
828695691
363448715
689497503
788025677
144871206
197919696
799141770
993592829
435762051
612991826
749205933
749205933
227631815
322161149
455818355
224682674
540961377
821850218
16741845
967443232
542179187
80127880
839082007
476020021
612991826
367652127
403843117
835134065
367652127
16741845
279298780
749205933
862696891
426843636
542179187
930569213
367652127
404270190
788025677
647770942
224895712
647770942
835134065
719083753
692433183
135699504
735035894
403843117
841596195
801097575
533801428
29675839
479503134
770548373
93804345
767931999
467354346
824908342
363448715
689497503
249962488
33489845
979742319
812540464
546741816
445324970
359193963
994386787
332570694
658261453
490320273
101239835
935467248
587776511
415376580
204835651
467354346
793198624
561733906
324181926
445324970
612991826
332570694
49186738
33489845
922695400
14002133
587776511
600047129
937613746
332570694
935467248
140930828
172060593
746735517
33489845
240916118
862696891
85733759
320971070
101948702
936306650
600047129
237966612
247809152
401033010
79942346
252241321
410316966
167552471
479870431
910825946
602896156
279781331
397795374
11624507
33489845
365351609
401033010
729288039
670195193
445324970
351857141
33489845
256410866
428119625
730464532
365351609
479870431
162647221
30895046
331744322
770548373
167552471
4670149
554554330
155385530
252241321
252241321
383275609
383275609
770548373
662362742
584868040
247809152
910825946
414936973
