1
1
1
1
1
1
294547090
1
1
1
1
1
1
634961581
51942327
1
51942327
535796857
1
171575529
1
1
739929840
201698481
1
201698481
922230940
521584987
215121064
277194375
368693780
22348203
922230940
535796857
1
64879833
521584987
700476990
940517325
22348203
69005159
534676104
927182650
534676104
1
171575529
22348203
853625900
534676104
739929840
535796857
22348203
1
964755039
1
1
192111196
1
1
589591914
1
1
589591914
964755039
964755039
1
737929560
1
659314099
1
1
1
940517325
368693780
85270341
94742928
530751226
1
634961581
733274108
1
92117368
853625900
432248890
203270656
1
230324935
44395996
508931805
92117368
441608016
587949541
709829749
64371794
679695079
724788197
390939262
490973693
737929560
1
700476990
892224419
663620238
252451900
517864550
724788197
61201810
863921359
666299717
974816148
673716680
508931805
365650582
421449640
252451900
301855465
170573214
15294098
1
60887293
465550463
549601723
700532788
1
276134713
919284856
597727179
64371794
709829749
50639317
700532788
737929560
863921359
444846261
671310983
441608016
281328388
898977675
465550463
250894667
247514125
50639317
282706854
103752711
503306768
304168000
252451900
250894667
754015485
815235100
951595922
814316419
156600646
289521547
289521547
267642401
26072472
892224419
630510447
814316419
742491200
653532875
815235100
965592565
1
6064110
318636678
524406445
358515472
700476990
420138732
525327052
573048639
421449640
630510447
692782202
814316419
420138732
630510447
309087208
802036687
747530570
542598405
814316419
653532875
94995675
835139402
922476425
248678208
318636678
542598405
503306768
448403642
358515472
747530570
23882035
802036687
174328328
284621243
560011659
786965727
822864320
230161473
997330619
646980592
248678208
446608404
66064908
72142389
843324856
835139402
614373646
290653050
446608404
843324856
66064908
321922436
365650582
843324856
131436461
805791794
730689106
560011659
248678208
365650582
692782202
833400998
113290766
843324856
723764368
357135098
709867145
106192108
353264228
700532788
405888371
722268604
79404548
284621243
604062429
997330619
124998323
709324517
137181235
568027615
922872574
290653050
524837136
388580509
266325923
843324856
681577664
231032142
74336161
186653900
186653900
362115403
614040748
790760497
560011659
949597481
250304163
709324517
598761535
614040748
49785773
49785773
106416633
446608404
250304163
605586414
107896278
922872574
456536810
470661810
9534968
416343705
487497092
144477894
200514723
606096916
753385086
161245314
990570653
606096916
351046926
428163285
797099912
482006659
471885368
720680473
501471690
144477894
747530570
31918523
106192108
472404057
197747486
197747486
549108196
773230435
252451900
487032345
665147693
722784391
800215959
800215959
805791794
753385086
820516548
806518235
956205370
614040748
773230435
605586414
900455718
773230435
878764403
739906859
945503473
804387188
945503473
507070979
862788330
266325923
173234908
84409686
624238592
687084101
990570653
365635815
514665920
200514723
994814571
994814571
428163285
949768031
264829326
773230435
939829782
878764403
970165440
319677781
458952837
949768031
624238592
581509013
472404057
123241685
70698044
539499096
878764403
15362350
10728869
945503473
808477832
49785773
201884418
319677781
617822527
733670126
617822527
185009692
833351081
946218837
605586414
556609256
939829782
814979952
77413922
114843331
967019329
486531994
863531590
770347742
305637353
994814571
319677781
778339049
31848902
700532788
123241685
786965727
720680473
512372196
236480514
677177352
911468248
344938034
444186819
114843331
737150335
911468248
970165440
439294345
291309069
554559504
552346185
395399101
114843331
970165440
849724661
120372178
815876480
999829397
994814571
736312953
29732966
889064184
737150335
554559504
114843331
472404057
49785773
90983110
902815350
868191131
796767500
135624176
554559504
358890561
451787753
197747486
230655712
839879539
451787753
886836271
27167387
868191131
120372178
855449859
947628547
702407505
357135098
868191131
27167387
241251221
138257193
451787753
855449859
92158676
736312953
424297754
495096607
821823717
289712498
28205371
642603688
299552720
543637643
952840693
203554397
921568440
642603688
462364462
265999465
649344289
800831720
153185189
839879539
554559504
28367676
999829397
543637643
897015678
642603688
104139076
800831720
74336161
358890561
498403489
498403489
911468248
544680655
203554397
305637353
299552720
27167387
299552720
525597926
862999018
862999018
822756349
617613645
132412981
530567587
543637643
226898530
90983110
104139076
544680655
669194553
470666169
630569094
651243548
680212986
617613645
760052895
895127729
264040934
649928213
760052895
194166535
923312485
63887219
833620069
299552720
833620069
651243548
28367676
841942166
714651205
90988653
921199543
501049452
90988653
989556483
652685523
698930014
264040934
679948663
958687735
753385086
345853825
958687735
738090927
724370978
760052895
509468574
760052895
215547423
526553823
90988653
28367676
90988653
938279910
63887219
236854789
220001146
846352804
90988653
215246772
347818877
714651205
215246772
846352804
29442597
938279910
685825405
763313773
763313773
29442597
457804609
286800298
29442597
38372347
372653431
763313773
290180977
264040934
85880923
981655891
95344995
279825496
215159589
822447505
398736724
910940069
526553823
274118528
265999465
290406893
967339591
981655891
822447505
531850325
64432867
467679671
859317293
970470850
604522488
685825405
303930890
670968210
907403323
16266942
302222915
887003762
647667991
372653431
921199543
647667991
670968210
398736724
187295109
457804609
290180977
900726998
95344995
290406893
168255770
9127031
647667991
743833640
754948098
458107982
168255770
409200026
506593772
16266942
385258990
525015345
398736724
588042732
358890561
744153876
622284880
9127031
695950549
219621639
670968210
506593772
736135220
239486421
744153876
587915730
354649916
787176909
9127031
695950549
685204459
842449227
110586285
238386039
794112401
239486421
744153876
462384916
209086102
35674961
138320423
64707729
279825496
357200191
432360685
699682526
85880923
52805328
239486421
75399606
676881827
278187625
763313773
622284880
281375644
281375644
362203232
399534074
507550996
744153876
494513589
584952359
63887219
343537860
590206142
437723359
357200191
333716545
531850325
164280381
743833640
521019650
398736724
227894307
406940445
106741157
581757844
907403323
167659811
744153876
649122750
889839144
239402200
362203232
427438674
970471616
997110171
343537860
647667991
187295109
947704908
714416258
776898209
649122750
676881827
948887947
641512154
864859082
160156546
239402200
714416258
227894307
776898209
7003587
39280205
331810604
802496169
892510803
820511826
331810604
85681749
611523529
289421217
437102567
876181959
392682640
685825405
611523529
514367632
889839144
331810604
517191428
876181959
968802776
359992052
611523529
725160997
294155581
956673655
276515441
970471616
496359724
611523529
611523529
195573297
956673655
486451631
278464720
320814204
981655891
602847062
611523529
388061232
310779845
276515441
314863493
280617654
747434513
618178730
70886553
491314327
311898660
265701738
32906111
752952557
488565630
467687620
514367632
940229712
276515441
431469423
32906111
70390676
126123309
289421217
746126780
641512154
123505099
833323067
694542643
205995147
930148598
560990112
940229712
817539830
643091132
100419172
281375644
842449227
280617654
560990112
164811897
652390693
643091132
503378508
747434513
558083154
876908577
140771606
276573961
503378508
431469423
598642994
289421217
794842407
991213733
746126780
305674831
140771606
449225736
853505884
135552030
367897606
386358163
386358163
542153244
449225736
714706585
437723359
67199978
905378499
560990112
598642994
305674831
138921932
440562232
195849788
51969673
140577993
42990640
164811897
135552030
775815963
252425840
42990640
754082506
39587165
746556177
754082506
598642994
779722744
63403995
247585632
690218616
255727949
440562232
984137728
352953227
779507896
140577993
984137728
940229712
746965779
67199978
694505568
249156528
831294458
249156528
305674831
127887196
62022853
206627820
970000
775815963
746556177
873466580
449225736
694505568
289244085
149570494
558083154
768567113
975136454
628294349
186739485
179086506
521299635
628294349
502914069
187179893
179086506
328323903
75169111
511485159
776898209
970000
280617654
873466580
505615149
726412245
620117114
521299635
127887196
52817045
110620034
186739485
657873530
110620034
775815963
195765489
8366840
8366840
784471933
726412245
726412245
842633622
386358163
975136454
43910147
195765489
374628791
960315015
357849863
752340182
639362452
657873530
195765489
81437721
624890775
484519156
657873530
543930195
785947497
331013814
184357226
376251579
702139868
784471933
785947497
627189212
995975812
133323924
784471933
331013814
484519156
133323924
173911785
263988499
288800102
734387732
502914069
263988499
179086506
627189212
994601884
734387732
454701426
132674272
430803688
103779650
437775031
194920337
103189207
189099020
648757876
558083154
396220324
81437721
969939698
67199978
92320302
612085322
558614613
454701426
81437721
969939698
851062362
719970565
702139868
972569116
107223643
288800102
132674272
518560589
921148762
988775707
637612003
518560589
518560589
357849863
480403314
396220324
734387732
627189212
421736735
12960919
719970565
692439109
558614613
710068836
21857506
975307046
512175081
120034398
415159173
204409206
426368051
559001308
11688035
283300557
50847097
470879431
175120849
657873530
692439109
283300557
415159173
710068836
12960919
866784408
491460111
508203989
437775031
508203989
584677561
421736735
123505099
560128873
259802606
270600969
559567385
918570214
120034398
512175081
265479875
596813131
878350372
413843752
909971508
918570214
151269985
517697733
132674272
560128873
708494282
924382606
11688035
521299635
559567385
604242015
708494282
339902437
175120849
924382606
624890775
670137636
997737975
577385043
6136559
560128873
121220134
115505826
463773385
61949897
335453
577385043
24318109
512175081
265479875
638917046
168942321
51482694
336130973
121220134
624641779
559567385
464297479
464297479
830325525
124552551
464297479
69192090
463773385
186325804
375264130
44917657
988775707
204718036
339750985
44917657
876389707
154571520
109747275
517697733
771477465
744334203
675718999
551820633
154571520
204718036
680521516
109747275
387528045
524777516
339902437
159571165
765949399
524777516
463773385
361223321
551820633
725713693
524777516
548133165
959685954
570655896
771477465
101772711
333380207
101772711
968614025
361223321
843007062
375264130
968906296
201551656
158658510
186325804
484800284
939790782
154571520
968906296
843007062
348575739
348575739
484800284
208529482
159571165
689766149
44944984
141371628
111150480
570655896
707016627
998636547
456974725
361223321
691272656
159571165
101772711
725713693
617114883
535176583
456974725
963483767
420474930
177195487
456974725
338868146
963483767
338868146
912820417
333380207
570655896
343601617
484800284
274743744
694544320
570655896
465244584
216934442
912820417
910847243
896572762
405919613
58260835
327227458
48566321
2830291
929277087
997737975
947146994
523035052
92293107
456974725
24471236
548133165
929277087
190069195
624641779
896572762
465244584
707016627
274743744
343601617
24471236
570651278
661378781
828061231
862005557
405919613
56675869
348575739
912820417
947146994
548133165
462219015
462219015
243319759
24471236
862005557
48566321
312893920
172974771
655574374
6797302
819988117
24471236
317703180
615829401
874300883
361031708
691272656
918862040
771477465
122325555
312893920
655574374
737794198
874300883
483472358
594276595
769951569
204409206
2830291
875437268
434309936
80034150
408187065
946032090
361031708
59361487
216934442
345758418
80034150
769951569
655574374
575886386
193410195
174611999
386198443
516765153
814709960
200517927
616320305
198194027
575886386
338883992
198194027
275405949
200517927
820182491
816516422
343142503
275176785
655574374
320813208
113244373
345758418
956878024
820182491
320813208
361081070
