1
1
1
1
119347474
105326094
147129788
190904115
1
1
158149840
1
145589675
806572511
1
574874911
708986683
829606495
860334768
860334768
844222745
708986683
273183204
147129788
273183204
145589675
398608076
870708591
398608076
618617737
870708591
119059894
915919639
860334768
599804525
145589675
173048924
173048924
385974589
251361030
93269882
385974589
861952581
240679374
93269882
855231696
173048924
240283810
359929400
90396319
742547324
415503577
770649645
770649645
321549933
415503577
665068690
45419360
374693537
149872643
268334392
770649645
18858992
803649507
149872643
803649507
730218904
200148437
770649645
351896599
356224730
149872643
989670374
102951673
458170043
201356093
385305205
797228839
240679374
957755654
546887743
797228839
317281078
162682362
797228839
162682362
162682362
162682362
976852488
162682362
976852488
200148437
497439075
43368484
317281078
957755654
599489819
664887895
11350154
261288331
264586244
823080035
830591194
427471519
427471519
958620392
558212654
857868621
223813439
655850520
13174654
137361175
655850520
609409624
986039200
56180227
655850520
153178729
986039200
264586244
867621290
937381905
907317136
829416113
829416113
937381905
986039200
689330132
721074659
937381905
226879930
900001336
887613761
900001336
564774289
812504387
153178729
15052659
15052659
15052659
952011124
242420426
226879930
880455787
222629140
564774289
309121958
226879930
852499387
971176085
852499387
92910959
278357819
307981047
242420426
15052659
852499387
729153956
212489616
278357819
309121958
236090076
437730313
112855249
298568429
679772453
679772453
35168032
567769027
403213309
329130122
482930402
30154953
35168032
953331190
468924292
725482827
749131697
543203164
354711417
703584109
726967051
237444724
467647135
757140740
237444724
467647135
640184014
945611017
99193666
640184014
18073735
211756646
906665220
429375318
638327046
354711417
102499492
726967051
945611017
122405440
429375318
859725618
102499492
571722266
638765891
757140740
374370920
92159647
86990524
859725618
978406224
10473673
282606334
66286508
215713773
66286508
282606334
965318444
304037474
374370920
215713773
864468699
974011955
777246222
119454587
66286508
119454587
435513546
122337421
119454587
12773964
885753182
215713773
208572569
56616957
547856636
195890712
208572569
56616957
547856636
195890712
619231043
124142626
602413466
503790408
652281712
305389434
642791778
813798421
642791778
334927161
555611979
426191913
795727051
131272131
527041941
650660676
569414091
642791778
63574988
432208666
131272131
535032374
131272131
270194093
270194093
814249902
814249902
21928233
814249902
471407297
21928233
829943084
179255624
471407297
193831528
137368384
566638126
157225097
179255624
683460766
566638126
63574988
502040953
239661017
502040953
502040953
534442595
568004908
568004908
387093674
50570989
50570989
683835982
50570989
812972635
683835982
914460658
696061844
206896644
206896644
914460658
206896644
698635696
799347125
691037877
282502574
20961754
18923422
567774409
691037877
943238434
206896644
193039988
691037877
282502574
625737532
117540469
943238434
820868456
894621731
914569505
193039988
894621731
823854310
608528462
545952071
522486298
696061844
818255196
802425899
866988037
818255196
870507774
870507774
257097560
199509667
714926109
610072178
802425899
295611619
40178248
809382446
669097138
773286439
669097138
112206422
934009235
870507774
112206422
362835482
605379509
260301535
484901508
934009235
322891967
141800087
322464291
322891967
519787559
669097138
199383245
313447146
773286439
141800087
313447146
299974204
313447146
440324478
440324478
378680964
11700213
106933300
440324478
324502383
261366173
246558823
484901508
744652213
18610738
261366173
313447146
348884163
159100942
139516062
106844441
348884163
106844441
641588681
159100942
742994658
605553079
81202682
74624359
235525198
81202682
832302781
720383179
380796860
185658120
802223550
641588681
235525198
154063367
154063367
537226919
154063367
896623250
184382211
849173493
204370086
249638539
111897013
111897013
744760137
877863363
454609328
943935926
744760137
544125583
943935926
422577590
943935926
137120865
552787440
137590564
537226919
422577590
521985849
544125583
210060094
132385873
254122533
137590564
552787440
254122533
121348762
243492256
254122533
917502249
552787440
683850435
315861855
809520679
967233387
121348762
58033049
735403039
559702826
97289154
94341243
683850435
292205675
315861855
689603627
302965764
764646032
274173208
348231061
315861855
682307896
682307896
890304608
245781392
682307896
764646032
38424431
534451836
245781392
689603627
38424431
162043364
534451836
290910776
962986640
235345643
722559760
890304608
443944815
347153407
878769790
991532855
290910776
845099327
991532855
768701335
293388754
85161296
792514047
49525482
315556114
224350555
792514047
991532855
144231701
727773183
231640629
806985439
224350555
792514047
962986640
320198656
845099327
320198656
224350555
852629545
852629545
85161296
275220394
334609173
473698779
90268827
393965348
334609173
282005875
455192793
761051844
761051844
770283515
381213561
607489256
761051844
15163381
753555802
975936433
532290274
753393784
15163381
770283515
401082076
546005682
753555802
196073701
806985439
196073701
416235878
546005682
937809402
287943935
33721482
381213561
179768374
196073701
270673203
685793968
483514982
954976037
695987387
546005682
685793968
483514982
942008494
45778640
636596815
45778640
538637006
636596815
538637006
687349652
298197016
636154358
599760766
766723297
841249869
298197016
722210647
934912011
914887657
28553173
599760766
722210647
186662596
929350099
538637006
704416947
131192293
19820248
722210647
19820248
328132368
328132368
914887657
477090259
188253563
477090259
659409286
477090259
928339730
659409286
489320458
973178080
704416947
489320458
477090259
994259484
481304721
994259484
98222605
639510926
98222605
328132368
319782221
343292011
477090259
994259484
704416947
766723297
926041959
343292011
912586972
50717827
973178080
117885545
174570611
50717827
174570611
843512531
607851895
343292011
391954249
849531835
163818613
334669274
163818613
66920878
776181172
762467481
799718427
204935271
204935271
654247462
799718427
647084900
933717524
625188808
545092521
625188808
81949252
163818613
81949252
721455981
163818613
500990816
704495886
201186512
74662963
81949252
366097101
500990816
607851895
834156973
563241505
139786493
495423850
834156973
913975960
913975960
73929820
762467481
913975960
43147173
371447996
966664810
776315917
371447996
371447996
853197380
853197380
257642041
322433488
322433488
776315917
798666133
176637226
59522650
798666133
338914496
243527042
291351004
59522650
651388126
422447800
588361701
54776672
59522650
426579117
722531299
135015217
651388126
181402841
124854814
651388126
135015217
776315917
275379894
275379894
157342593
181402841
17766715
73499900
17766715
341761633
375440159
914461128
527563477
11004418
11004418
18669456
341761633
171432444
78133975
138548008
497635440
18669456
914461128
150764692
11004418
855244160
741015492
300453635
840590038
609439551
431671146
157342593
651962956
431671146
840590038
515349714
651962956
150764692
651962956
801360433
9379720
664294208
168460427
300453635
916339640
916339640
916339640
160583619
160583619
79467026
160583619
231075746
307051728
51140235
853117115
119704584
79467026
405722628
566258090
405722628
748197709
232479002
160583619
162956615
748197709
201032069
732701136
353633085
748197709
542722500
559460746
353633085
563752745
559460746
51140235
705345352
781255811
563752745
985269502
705345352
252656326
405722628
212183038
251676173
251676173
232504474
573515248
70167379
781243794
559460746
251676173
155870057
140646963
848315085
54804257
54804257
261840387
217382348
654425308
142429104
614384751
614384751
217382348
217382348
597184703
389326077
246801940
879135093
565130987
2431371
142429104
246801940
53766496
565130987
920678235
246801940
70167379
607251815
180171088
348998702
642308579
141197512
140646963
383040477
28584513
642308579
322588947
2431371
160451830
160451830
691315413
478555917
366837335
478555917
786278880
178537713
178537713
384014440
441621856
213848862
56091043
361475996
384014440
361475996
607251815
559381419
453149090
339740604
860390060
355589519
668343918
860390060
787521879
93990369
714818235
787521879
280275430
605285396
605285396
998694892
874226815
280275430
829403654
559381419
207498368
874226815
673286260
605285396
964298400
993269577
762484552
762484552
762484552
619384631
274520703
485348604
274520703
248746733
200262301
476567361
476567361
619384631
963055925
339740604
73606318
73606318
889262242
615232922
963055925
420987664
618986080
128632649
418908778
418908778
157350881
857747251
824219800
679424419
824219800
824219800
869899438
869899438
418908778
963055925
196139617
715222197
300734994
230685929
683447939
425262048
868710493
377468382
868710493
377468382
926963048
95436344
138327282
346172476
335782618
21007277
95436344
138327282
622234005
240307933
896498822
226370579
884359817
857747251
884359817
128632649
184015298
21007277
251873255
251873255
707573430
330565239
251873255
810775414
999145233
999145233
388592958
490790621
226370579
330565239
184015298
490790621
521580538
646516691
132271430
977876039
243964665
263275053
490790621
821758606
330565239
660138960
699953037
969275995
305665082
36219851
218236073
821758606
520837939
218236073
570432933
552498455
570432933
969275995
344832446
309219355
319638790
969275995
218236073
261312443
319638790
295301935
95941817
484971538
35148595
35148595
541031769
969376803
747879668
747879668
747879668
804589795
804589795
969376803
95808056
276402722
203208721
804589795
930654429
930654429
793019437
621221820
562330975
92132218
793019437
534147285
611218385
793019437
236963745
34640680
694639401
761586086
122916013
643145758
394544099
206299793
754112954
203208721
824048442
784530836
122916013
784530836
122916013
82217338
542068270
784627038
677661257
754112954
38711533
453506878
369886336
784530836
969368732
969368732
453506878
38711533
896046756
717840867
580439543
969368732
462716960
255743472
890707280
267894083
426144999
344981248
748517136
748517136
36884592
717840867
36884592
286653104
344981248
579186334
286653104
435912720
286653104
36533615
267388826
124911096
124911096
435912720
316072886
240819475
310607479
745189544
714745351
316072886
410515739
786600528
865425599
262259809
344981248
388790540
310607479
843913201
745189544
