1
239815563
1
1
1
564249651
569026954
538446741
569026954
1
301116400
507173637
412777965
569026954
569026954
882993858
873190126
882993858
452681360
705761347
246307574
71165380
262742882
270559894
270559894
71165380
437961508
442656304
437961508
442656304
246190613
582904842
169174645
331255729
79187203
79187203
574024184
246190613
342885412
959257293
782429203
342885412
342885412
782429203
342885412
959257293
539788480
234230940
192520311
313321588
794317222
484435048
484435048
638144064
484435048
91590130
426639467
313321588
251787355
251787355
678776745
234230940
340804986
439048648
340804986
340804986
678776745
555214511
555214511
45299012
56875815
45299012
174662995
715588324
56875815
754999078
479743800
198266664
40190875
74072215
479743800
278693401
278693401
193218686
720621029
41311508
198266664
198266664
275140031
325925569
851767194
921033163
971929355
971929355
932088253
74072215
432885597
767295559
971929355
457322380
212462262
117630305
957276409
117630305
957276409
770722496
22395515
82356815
22395515
82356815
225822889
770722496
7698013
7698013
725526552
592241782
297928539
28531576
297928539
28531576
786441347
512421957
82826705
843152657
612072814
505645988
489015777
493838227
843152657
505645988
390879555
369643938
493838227
698588909
693298077
913047707
602679010
65664358
816983418
493670930
369643938
150944397
214847703
150944397
242938374
348668142
670875644
116930619
214847703
768670885
84340044
768670885
488267969
623023084
353444941
223774211
716588703
371293205
353444941
488267969
716588703
46316102
716588703
46316102
251426900
966599858
227392852
252926735
748942428
748942428
180157136
255227545
737450065
604460650
255227545
607460264
607460264
275685586
275685586
607460264
607460264
952225825
727348302
689383290
255227545
727348302
916863986
892023470
607460264
276290683
916863986
892023470
544589145
833860394
410868414
798973029
744336617
276290683
35636818
833860394
468925901
673185050
501411419
169716742
293243212
293243212
980762996
173375037
173375037
797807580
303867536
501411419
173375037
394262168
912056833
173375037
589194699
54111362
676968474
184231308
87161193
394262168
676968474
942959816
513831906
87161193
184231308
869259509
3707869
555527455
534895977
393805312
534895977
485262073
393805312
80280326
733359158
182349572
137672384
137672384
890034853
85626290
354687278
354687278
180071135
245858665
146831451
146831451
81768195
288736762
81768195
446786537
446786537
446786537
446786537
342058035
176827043
118690371
367842288
474907235
685048703
445554246
229467075
445554246
340539044
340539044
354687278
445554246
941004581
229467075
458164795
724608846
980793167
941004581
809095290
545118726
859303
252153284
943154299
86553426
224606241
224606241
892378046
445554246
809095290
509374298
514430551
595666505
509374298
823963470
892378046
388872393
324179990
126973904
126973904
324179990
595666505
387957786
387957786
205625673
832170371
832170371
309110727
704602297
753770378
896789769
482808875
939853872
482808875
931416533
676827833
676827833
677440252
328953388
147542623
713528931
713528931
761573515
147542623
371029793
90029572
144154027
809095290
389194185
90029572
4153212
350098704
350098704
594192734
930085404
594192734
371029793
759364134
392944293
17717790
11639065
17717790
11639065
594192734
176762519
860969514
364673957
364673957
176762519
191372900
871584539
140013913
777987228
777987228
412250807
330683597
859957979
129091792
470790926
35505365
137951712
124116425
944291112
191372900
97819485
151258365
151258365
151258365
675548414
234496063
834822221
746913897
989363255
361323222
145632979
197270837
666254312
568340592
834822221
379115916
906938208
682822320
107608024
71122893
107608024
465895871
72004819
186309059
186309059
181553535
44434315
465981893
186309059
465981893
643475851
465895871
621972776
107608024
447050669
181553535
380498948
447050669
225146934
145130624
142808404
496014716
855163051
225146934
956825239
225146934
225146934
578084901
578084901
283922010
968409152
516078015
968409152
477251090
283922010
516429298
283922010
516429298
802652179
802652179
663907196
968409152
802652179
36423845
983029520
272436997
272436997
201311651
802652179
851286089
770270835
915120189
351048982
600102734
40107648
40107648
40107648
822776947
600102734
851286089
822776947
635314120
635314120
384746430
172008339
330766259
998602090
175807494
14819551
172008339
864398522
7003185
864398522
585536125
175807494
375129505
638064129
464962851
546495801
365556406
638064129
288589488
288589488
270810493
473972880
987726988
905094419
431226069
905094419
638064129
794003357
905094419
531907823
805142817
723402590
531907823
604100194
131121466
117820545
117820545
700348002
272735826
272735826
288704767
224072768
700348002
288704767
909206033
224072768
405244704
405244704
246800808
909206033
760511566
816960947
606044512
598906518
533207321
19818736
197904921
637777752
197904921
153747052
288704767
252063478
781473333
153747052
542719326
252063478
393114378
393114378
42089082
153747052
912964860
328074342
9538975
252063478
822775942
393114378
393114378
9538975
995400329
9538975
995400329
321638411
568902211
332640006
482547110
882077242
356809378
356809378
132099314
740301897
995400329
487407154
378888210
70794858
597779369
356809378
562164853
562164853
568611401
394200482
591960948
83256326
83256326
820598589
656987279
244283551
979614743
244283551
244283551
423319621
733437116
733437116
551594251
733437116
458146509
359708118
761397422
24675793
761397422
692271720
692271720
299161976
359708118
308480366
24675793
406428264
82949460
82949460
621116635
460437763
22156487
308480366
311834039
311834039
502719019
802204677
502719019
802204677
182931497
468882236
468882236
860856209
860856209
353217047
873115253
270942973
270942973
173175588
873115253
353217047
353217047
55411809
494809905
379190796
905565782
399301580
905565782
72364137
19121503
174532002
532711350
980684287
175447095
532711350
243389855
70509380
72364137
28734027
936419377
72364137
936419377
28734027
408575899
809519581
627454072
408575899
408575899
405846680
977949362
408575899
977949362
736667472
736667472
558295110
125558464
187158705
125558464
427368699
845421096
268156805
570617684
615792990
187569175
615792990
187569175
193492916
193492916
549485436
549485436
962427073
21608332
504761358
949258256
274668076
274668076
303879427
697353457
21608332
947624067
571515601
292784116
571515601
303879427
383106999
289732796
374443632
143582182
289732796
757042967
289732796
374443632
572296665
706144814
706144814
706144814
706144814
70422601
383106999
434605238
121384648
845676180
32745695
434605238
70422601
414079939
702739800
967405900
497861354
139179817
680854026
717085086
139179817
866945602
447121
447121
717085086
480921218
183749875
661494635
183749875
661494635
253140693
294109284
884218227
414079939
253140693
607600446
385915668
484635440
255185010
294109284
383765813
385915668
383765813
960637606
365684425
954433671
365684425
617114777
695018604
960637606
105590393
262880353
521144977
228376344
789182336
288513148
368966005
228376344
288513148
813950284
118651295
692750306
118651295
411014257
401614750
609003792
424899852
881499211
314692613
314692613
836409803
314692613
512780795
512780795
401614750
567482171
693518560
688834479
191742758
693518560
794262651
680150493
637071588
688834479
637071588
711405990
711405990
445292872
265153136
637071588
688834479
841108231
195809899
968780042
507517461
34686006
968780042
279204946
279204946
512780795
445292872
195809899
675948281
83388929
949575472
949575472
233235349
195809899
195809899
233235349
146492142
278821506
958310310
133317261
133317261
146492142
111315019
594028020
935447412
111315019
443425142
914026651
111315019
914026651
935447412
914026651
952656766
76595620
58947171
825956036
427004414
914026651
964438325
630879811
177844433
366501953
952656766
347492858
647568129
647568129
711905171
347492858
36899752
691435349
711905171
376667479
47698900
116249814
859247954
675698877
944645716
933539058
933539058
922905776
47407378
544453477
47698900
881635489
820912916
64171986
64171986
36899752
820912916
544453477
27705057
909202748
5128905
24622857
249424996
47407378
358310248
645368917
30292217
299783772
24622857
358310248
568866722
645368917
347046874
289993568
30292217
347046874
347046874
471540208
238057705
702428407
332766969
193957385
419163016
631712313
281844147
193957385
702428407
661535850
741271201
281844147
281844147
332766969
37739638
150010389
814209836
537551007
715713153
37739638
665963441
537551007
509371512
419163016
509371512
448185127
890035051
775815605
130601661
722777525
722777525
722777525
722777525
318921735
281844147
849619613
318921735
71666116
317837949
318921735
787586620
114104602
71666116
577923250
532381053
532381053
362845435
532381053
362845435
652914477
229742322
629161713
678010451
626211213
653772253
101491651
653772253
723148628
267002914
242552274
723148628
208161353
267002914
502266294
391255465
267002914
502266294
199023209
102667132
101491651
208161353
591463610
502266294
80745949
17323095
80745949
255594346
261054233
408122939
445714465
121054181
456337003
456337003
284506428
451264368
284506428
107190676
618790432
391255465
107190676
107190676
91582924
731963372
535199655
949922782
795653196
240433395
759563023
582134674
89971762
107190676
949922782
609789025
349120920
704127046
713865792
360426319
506494528
765319296
861256369
861256369
284506428
283338720
713865792
291288922
239763743
679003195
75504600
506494528
795428523
679003195
731963372
192423641
247175979
387988606
642319243
456818644
581383661
581383661
688278516
688278516
719805601
688278516
620239341
456818644
688278516
682538482
386388566
387988606
32394004
557371166
515900052
67972372
67972372
769528158
582063975
518605149
776133671
676811325
346801410
174569442
676811325
199383202
174569442
68152457
68152457
693364870
820402496
693364870
763075653
543609121
81399007
156591796
588288255
7681251
7681251
273410556
588288255
782601225
168229932
168229932
283657504
782601225
468382562
800691641
120036710
120036710
816525810
281379840
457721064
816525810
7681251
667211894
667211894
267335419
39821529
6515640
6515640
39821529
479990627
194420660
454757601
470746592
359972813
337728931
337728931
267335419
274399424
427691166
587979390
427691166
427691166
548226266
427691166
587979390
707557186
707557186
954384780
707557186
579250160
701006199
658087910
828207434
658087910
828207434
28380845
515499851
881289246
478871970
829835077
898356303
829835077
881289246
28380845
651169868
325590123
499736363
478871970
427517847
913230660
25558619
543217865
25558619
32061999
27061621
587650567
518511019
829835077
25558619
301202748
255541472
255541472
837645745
587650567
755360603
755360603
982480621
543217865
995450278
661028405
86839154
157413794
766402720
720577527
482053633
720577527
736518950
207969696
339844909
150506722
482053633
878138947
150506722
966924370
294096368
204367497
204367497
720577527
410004792
774907647
506192918
306191872
813485007
207969696
133998405
813485007
56015545
913038386
913038386
813485007
180179219
133650136
180179219
763824321
180179219
133650136
584616389
439225435
217142273
584616389
667631171
587757100
324004469
439225435
164253454
439225435
667631171
56018793
331262081
331262081
587757100
971356736
802589745
971356736
331262081
774678041
684159489
774678041
692028665
259446517
582206846
582206846
582206846
265165468
96649673
912180575
63704454
191088474
614864509
724883112
173617752
724883112
323895008
32286628
835331058
323895008
724883112
192339675
724883112
633885275
192339675
792332092
855824555
359276073
491497751
945709863
816567511
945709863
730220779
633885275
114411991
189991206
552915844
401318978
526640648
571269175
575650583
222576048
708857987
149497705
149497705
587614045
708857987
453460689
816567511
232216613
189991206
629209210
232216613
52531123
188865505
431184669
397796913
368010362
397796913
945764698
368010362
431184669
963818652
963818652
366677756
76359923
308765761
705629851
351688317
710472147
710472147
798629173
134435553
134435553
134435553
939435603
935726012
134435553
611415019
939435603
639666748
639666748
639666748
56344711
56344711
56344711
56344711
58601965
355738577
369445912
713714726
124112632
369445912
479630857
713714726
124112632
189468414
387612530
387612530
245540649
903164416
903164416
680876419
680876419
245540649
639666748
537001758
829801884
161219621
158498961
717092580
219600891
177789846
838302061
245540649
838302061
325316062
325316062
325316062
809138046
514137629
514137629
247648516
528056534
528056534
838302061
887227799
887227799
886521275
469329161
27051715
172876827
681863000
887227799
172876827
561235829
561235829
172876827
119112305
561235829
982062440
24342901
940256823
707617470
765371521
119112305
54122271
771477499
152529581
940256823
627554221
749662360
286165070
940256823
749662360
135990944
824565496
187190889
784973315
87896983
590561904
87896983
590561904
87896983
590561904
988331554
650171330
650171330
650171330
784973315
590561904
615374620
658689262
650171330
658689262
166439011
787887189
166439011
166439011
143510012
14944420
14944420
76526407
76526407
166439011
908175193
731254847
850661113
731254847
368389122
908175193
884942110
184048778
884942110
731254847
128467433
839507952
853345879
746399098
853345879
162077812
839507952
805044967
693442326
407364241
217640866
693442326
217640866
636959626
376268515
376268515
125604061
542849872
605401511
982148871
982148871
376268515
643098918
605401511
542849872
643098918
574051223
574051223
315393809
773140209
850035289
982148871
850035289
755697434
685146421
27925561
326398959
530257529
933930849
933930849
227831783
878972991
339957881
878972991
953946822
700953079
953946822
174303918
700953079
700953079
484763653
933930849
932581272
700953079
158801717
969673231
708341933
907117242
351180891
979676277
174303918
580051084
932581272
497169501
252454040
477824521
708341933
148850808
451425371
148274279
721919826
753443392
113190910
756766458
148850808
113190910
756766458
379899295
954464759
954464759
42790168
42790168
626258465
379899295
449151281
415374238
147673001
449151281
147673001
89410789
598390160
147673001
218295971
434191130
434191130
617078748
960288786
434191130
457655838
457655838
571171763
571171763
415374238
344306951
571171763
344306951
431651659
924559886
219898262
539890649
280668766
821577726
429284841
280668766
924559886
924559886
666621668
650656536
74516378
650656536
955219892
955219892
257868178
69194485
69194485
955219892
828107827
955219892
268127924
503324742
660668114
603169555
641954182
652892140
711275723
98068429
631259557
641954182
446034216
446034216
39258849
446034216
379677146
952451570
652892140
874592057
712730460
51261197
641954182
662478707
84315258
662478707
84315258
973224681
746397672
748658793
938273660
744574388
266160251
411979097
411979097
189735229
834484119
702495546
702495546
662478707
711278980
869195971
380440063
189202564
380440063
834484119
84168756
161923022
161923022
89197567
600125306
430484168
467292207
89197567
711278980
719147948
719147948
116164082
880605463
116164082
880605463
617711684
471651142
702495546
769141375
691853215
691853215
320261891
209643968
24422527
773542035
525311678
331583515
219193762
24422527
320261891
198144791
744385583
525311678
198144791
922306690
680216284
680216284
656312257
656312257
978649963
751703031
703179861
183647590
12035808
770619292
340305793
721667375
600747743
911813856
349866097
349866097
349866097
615631327
615631327
702222409
349866097
479730969
209794425
340305793
479730969
383343371
209794425
491981836
877925954
796709653
144729083
209794425
68045296
254995463
227923753
254995463
540057235
877925954
540057235
921490550
125665911
993181125
962300430
937174528
937174528
302962477
168297717
349873408
658281832
302962477
961243214
349873408
658281832
734640301
718670938
734640301
503252404
734640301
68909490
718670938
17172128
102336209
782355160
290951120
17172128
122766120
