1
1
1
45136121
1
1
1
1
45136121
505983904
1
808909968
403249169
1
40780958
992312075
310625557
592804905
946361367
50028570
192687057
514389008
192687057
514389008
710751332
514389008
50028570
336220691
8454401
903011192
336220691
451446311
710751332
617992359
50028570
934842241
678973696
499198147
834102914
499198147
336220691
843362530
8454401
497953563
8454401
497953563
907283002
283862844
336220691
283862844
330183401
595890691
800589154
357707678
357707678
800589154
336220691
331574580
67204055
582925257
629236532
499198147
564322243
500462317
953153
699545631
58311561
67204055
295974721
471855875
245498523
295974721
184633220
654727314
654727314
245498523
224412651
586104741
1
350904430
157396886
203368122
203368122
158472284
350904430
654727314
245498523
44201034
289431938
517958361
449673904
991671239
387023121
878366308
19242842
929825378
19242842
260807253
225986291
973373896
359985031
157396886
359985031
359985031
150767661
159054654
629029948
88631832
537357915
20367873
20367873
239336770
231468845
161564635
537357915
878366308
457700832
452232100
58961525
144630307
303247654
361055427
223127219
933393965
144630307
482588173
978639223
933393965
978639223
145284123
368858230
482588173
356903486
368858230
145284123
356903486
792093301
356903486
89194816
944825309
368858230
316122993
99108707
537357915
99108707
565273300
674078841
852896935
99108707
971183306
300889090
356595913
971183306
852896935
81054947
971183306
968692160
145284123
709555195
504292983
284543858
223888209
709555195
399906544
236060719
504292983
557583620
399906544
2864675
564936393
930926656
930926656
555337865
542873719
836239940
555337865
240791556
930926656
836239940
519969582
301708693
836239940
307796314
37698035
450031273
824015562
958596381
536898964
225696237
450031273
283616927
889401685
45027293
75297256
535997152
737873951
737873951
956059451
742293987
248846400
283616927
353628671
259041592
737873951
225696237
866134904
375091104
287677511
42858126
860144468
860144468
602671052
952781394
931981134
732181929
602671052
544866106
952781394
287677511
915323959
931981134
63963941
602671052
140123515
172238127
291543432
570402479
234982
140123515
234982
914256236
234982
32055811
32055811
692528425
195099063
15614911
478669930
914256236
267452865
267452865
15614911
770967639
489133324
234982
329031753
489133324
735628173
384289915
914256236
316858303
944361034
368571515
726311642
368571515
462739327
178789500
205763305
205763305
178789500
864846636
205763305
724246296
841643835
944361034
452149449
781562737
452149449
734425189
734425189
834835838
841643835
241867604
4107021
724246296
754921664
866667094
866667094
744755924
620287486
744755924
244626393
174801271
649080094
405193043
272346440
152037606
30339045
241867604
744755924
272346440
272346440
586990475
620287486
743077767
145491034
334653089
374846086
90440
777621629
596149110
939600773
339910041
30339045
777621629
149197971
970793808
225267550
405546133
582454167
596149110
447528110
149197971
149197971
592647755
65493292
248675127
248675127
735170396
593284272
487102911
888054859
86682655
238423570
44418075
57356675
160641604
57356675
14071237
592647755
14071237
597413228
575994363
593284272
459009514
575994363
202303900
459009514
287586081
720345861
287586081
241576194
123840289
905988081
459009514
328327622
202303900
125587167
599406033
328327622
443593512
328327622
686072771
261994268
500656150
261994268
647401862
647401862
579541603
885691201
538694393
885691201
375018852
647401862
395602277
495223154
885691201
141290826
600932854
811742619
600932854
48265710
873985619
483078716
141290826
966853292
358839276
558159362
965490917
965490917
48265710
885691201
884944601
923039406
208197756
923039406
698777278
959724216
692691138
19247758
479604473
358839276
821171334
479604473
311562845
821171334
119133966
978026602
803709928
275012832
859717812
414631635
995519288
859717812
414631635
917140636
172302457
311562845
888548235
172302457
888548235
978026602
8522602
821171334
589498136
888548235
669543071
888548235
689959742
172302457
968304481
695929434
968304481
358944800
358944800
589498136
865454766
865454766
275012832
865454766
506642925
968304481
768098773
95637700
498115382
951359369
579022787
951359369
695929434
673225871
673225871
470919012
957348903
910755593
132984430
819366852
865454766
957348903
387030579
704064545
686355901
818987584
819366852
642651258
686355901
737493213
804413718
888548235
339278456
804413718
114912980
37519671
245246820
583877512
583877512
902090920
37519671
510805316
245246820
344169035
892194341
287163483
902090920
357023481
854727854
114912980
723388815
357023481
643683534
434921089
643683534
854727854
510805316
842487444
499705437
842487444
558495186
313178213
842487444
477190811
723388815
477190811
862634221
867751939
477190811
862634221
395413023
477190811
495744106
583877512
960910848
832665645
629883075
361768316
97347376
361768316
558495186
941813150
395413023
356098252
555474012
96650880
762591873
955998469
240843228
361768316
240843228
975362179
955998469
684132104
240843228
294927273
975362179
695550240
947871096
530566679
294927273
975362179
6746412
469395302
18852159
469395302
240843228
728600874
18852159
609450618
358750787
762591873
523871542
45356193
240843228
728600874
465802753
469395302
500430829
523871542
844907977
272191171
272191171
844907977
609450618
823046445
452934920
728600874
452934920
938446889
272191171
833669932
13824289
553958668
6746412
212876276
553958668
640878253
543666423
399299720
399299720
597474045
166791104
166791104
902630189
452934920
609450618
53862662
597474045
597474045
374172727
216973749
618393249
371010518
605103688
228385848
487683324
487683324
255504894
988051185
745007232
745007232
988051185
988051185
621787701
704880911
138232730
870259524
289497063
988051185
422235283
472683063
325220521
203176051
374172727
557856842
988051185
73553224
903863273
203176051
899509404
93491268
73553224
903863273
213953983
93491268
621787701
913107011
612271371
73553224
913107011
449367954
903863273
514712317
79898078
78501064
449367954
579052256
93491268
514712317
273226489
449367954
99270243
1890880
93491268
611626892
492053147
760590787
487113952
1890880
928775973
350836318
476714704
350836318
918222915
835935286
321005616
321005616
579052256
321005616
337313000
754310762
320115298
321005616
492053147
395744404
32064819
918222915
337313000
448644012
146723653
159280133
415680372
834931960
187299714
159280133
834931960
187299714
525804837
159280133
550729462
737333715
146859658
525804837
332155624
332155624
553634901
834931960
461898873
187299714
305518861
374769743
305518861
374769743
128497230
537962
630979835
334504247
841952370
630979835
841952370
371854904
559440048
146859658
753800512
876823704
2758358
45995034
2758358
642450852
47675321
393114287
26043826
304182668
757314179
233315586
233315586
738558778
504067796
599324814
534202755
413842108
534202755
76881301
885830452
860991774
76881301
413842108
642450852
838565810
76881301
396762540
830889296
907585402
451074190
959219226
233315586
37260456
959219226
213893998
738558778
701679776
862427835
213893998
398689048
959219226
213893998
775860938
948296282
811521909
323961135
203248724
49645547
775860938
775860938
540269432
29499601
73113637
49645547
73113637
776691648
870420500
404994500
404994500
355227265
355227265
53540504
355227265
39373289
39373289
73113637
214369805
302262220
810482901
352685253
705489634
53540504
705489634
693608302
208377733
693608302
100039262
19337265
352685253
830889296
716710282
234107041
813344543
813344543
219559915
27950562
222819992
373282846
27950562
498541796
584241161
27950562
49810488
712047023
712047023
219559915
366527515
401733400
20862362
381023089
222819992
122334903
202555568
433370318
272125571
719534390
100785878
100785878
719534390
603363568
603363568
391187420
401733400
308635745
730231959
283112289
114951142
636519653
13407741
636519653
302966862
949226516
308635745
277697391
949226516
959126379
587900583
959126379
993389691
993389691
114951142
587900583
949226516
839939893
993389691
839939893
991004583
875026742
839939893
516233131
10275572
812074366
516233131
54452152
165833835
812074366
54452152
140467531
140467531
324760292
324760292
516233131
804440968
140467531
804440968
123198527
140467531
626872340
153826043
839954107
626872340
165833835
812074366
835456232
835456232
543647539
902372229
983913494
936418577
797656386
965681076
936418577
304100538
291054285
432757291
895787524
291054285
507038476
994956927
971097511
777378369
803887487
994956927
432757291
432757291
777378369
520432748
312834072
507038476
410375888
606971427
298983054
626872340
298983054
196233073
715998152
656359216
298983054
196233073
662391531
196233073
387019086
603385169
43585421
721315091
8742691
721315091
992947322
721315091
474497047
15303821
670184483
659585768
700777315
275247411
823434930
182603140
823434930
414838756
414838756
414838756
700777315
43585421
752860978
269466808
902249456
509117927
99717803
738476625
478361018
311883020
311883020
425584881
269466808
72261760
478361018
977116341
182603140
474497047
275247411
637288259
555509857
211289456
832558868
523596969
241791722
623265326
10538078
637288259
623265326
869743781
869743781
165004387
165004387
165004387
646552404
662588490
681383061
662588490
849337392
691362963
691362963
241791722
368734187
284252828
787380040
772867016
235483305
681383061
662588490
193864724
193864724
930642462
962884833
720772999
7356807
372021608
246583930
382832446
57212282
876072352
246583930
876072352
143494746
143494746
542961078
907183396
398943740
785953144
911030717
911030717
911030717
558071396
232680405
103364325
103364325
137454566
289494442
396352454
300512149
645707350
645707350
122142791
219418042
232680405
275057911
361018208
916242264
534625489
134723160
361018208
275057911
100600041
558071396
905867408
408701940
317891618
408701940
134723160
116374753
742258082
652866788
116374753
418408360
122142791
425646599
185782468
615152997
