1
1
1
169105684
311763005
577655250
705803207
235869446
235869446
457096601
1
359237312
1
392918075
512209230
591213124
341647382
210420853
210420853
951595275
462996170
388897395
812990006
591213124
145272144
800698546
335589958
963754957
273794464
849414315
335589958
575149476
575149476
963754957
662482495
352663254
767433092
849414315
108756000
967575197
706265884
108756000
297885316
706265884
89449650
863993335
674304929
674304929
209856702
297885316
976620737
24516394
636993180
980642801
967575197
557178936
192688127
297885316
803753911
808234357
877237290
903342158
877237290
832515240
58339491
890408103
147139434
147139434
269834550
189658400
380906808
109929127
109929127
102391809
15478764
109929127
11899338
890408103
11899338
534957184
516174014
500932043
653878337
890408103
219640275
516174014
219640275
675545638
653878337
935428272
653878337
136752357
621302219
895141732
621302219
219640275
670442920
838146467
837766481
380906808
219640275
837766481
15478764
625023806
66426040
113838944
353561215
959745167
959745167
503468994
939786145
63204974
139317754
959745167
886379434
197200740
700657941
342088563
611975284
503468994
611975284
306350990
492717524
492717524
342088563
492717524
737760473
970542555
882518425
57293965
173163929
876201782
789641802
342088563
700479591
700479591
347811164
741263888
655172774
876115251
789641802
764541726
347811164
185623703
272513775
764541726
850589738
850589738
136832655
69054387
112129896
240390846
240390846
240390846
197495756
325880478
851255125
633304929
272513775
916833191
240046856
63149200
986949401
63149200
699235878
646323235
749245050
931915724
931915724
776866706
735135102
514698249
735135102
735135102
676569239
203891738
910452443
687670407
646323235
443407898
813729552
685295498
685295498
527468769
327309389
618166374
594193282
227383239
618166374
237839806
237839806
111705960
111705960
237839806
177663335
862833083
177663335
809200493
177663335
809200493
607969265
55874338
185465883
73002528
756647204
849995279
756647204
424739572
179317563
276945137
104143885
104143885
104143885
223916230
223916230
389439401
269210255
62966609
339786334
707941556
707941556
853447203
269210255
269210255
452241022
306964971
745615086
543305887
543305887
98954998
526188162
452241022
526188162
795472083
269210255
163055285
42959014
48046612
73295582
73295582
146042032
48046612
730323601
73295582
303951968
146042032
326980576
303951968
325631664
730323601
326980576
175677913
94954974
578998343
127616084
578998343
521554274
376824731
277262204
506576032
462931018
462931018
979980534
950025273
950025273
950025273
357504843
464272974
866219075
994575830
294116609
950025273
866219075
866219075
327922435
366151402
603855051
548997879
420191592
327922435
949696313
253387673
648306951
28981417
327922435
512034765
949696313
253387673
28981417
477376703
149199620
477376703
834549336
753434216
834549336
367538076
648306951
367538076
469726792
253387673
278544679
42335162
753434216
46136733
403344157
403344157
20392014
21992090
526607381
156280962
568998714
21992090
761396123
253387673
283215631
21992090
245825106
152306546
139607203
152306546
669762138
669762138
152306546
780039258
698660242
826032413
36260377
669762138
66882571
605716499
605716499
605716499
795806456
916832033
863098385
116805312
580677021
580677021
595306858
116805312
735154867
735154867
116805312
202004034
803373168
323760471
735154867
323760471
990413136
352680855
580013960
57683883
493700076
275315516
493700076
352680855
493700076
229418542
304828965
649310633
229418542
836658859
836658859
968238418
649310633
968238418
139238282
159809197
57139360
139238282
139238282
57139360
57139360
676872981
139238282
144773435
365007499
936539708
805485217
427473577
936539708
257798585
960206399
936539708
744620705
84171387
345426824
960807571
144773435
744620705
966163217
275315516
80665659
284610579
960807571
483081063
966163217
93682371
414116147
483081063
911456899
414116147
95820857
414116147
282800321
803593825
149267586
93682371
407276866
95820857
929361403
284539762
407276866
31280411
641598224
463315707
92196081
641598224
282800321
702535352
702535352
641598224
635256362
702535352
502565779
92196081
365942023
158230178
74636242
249462666
403258761
741928421
403258761
869692215
403258761
455867679
455867679
67693887
513826832
403258761
6155248
34207613
249462666
359948221
855836503
837087076
261150555
359948221
365942023
182409278
513826832
855836503
847871988
52185940
891833787
786385864
359948221
786385864
261150555
104533593
141533066
57525804
141533066
791892527
791892527
739017820
242102273
229547366
484592380
333589519
721998302
438131804
721998302
721998302
438131804
508467194
106978673
189709
106978673
739017820
550550018
793173330
189709
20395534
843030651
786215076
786215076
698213576
804039553
698213576
539745955
556889921
966568616
843030651
431844904
90435132
72328726
968097155
503503856
968097155
843030651
583745792
968097155
588092234
957276549
588092234
254707733
221938099
588092234
805690003
513424866
916144239
916144239
47127044
258172120
386814145
386814145
47127044
944524274
72328726
66911455
496081620
311721905
386814145
647354286
541019579
785034432
201247069
576176481
687541388
647354286
227727550
427209050
740185817
937430552
777540071
445499242
445499242
298665719
647354286
839094841
576176481
491800699
839094841
469441688
321482312
298665719
282246806
459478559
321482312
447046161
203611799
447046161
469441688
227617634
203611799
459478559
817636919
967085192
344139912
344139912
120727674
80945622
80945622
414347113
344139912
40306644
991906176
914206807
748586521
14504636
559678398
559678398
559678398
733490781
733490781
802957918
503710115
616337835
503710115
143374706
737708151
639409774
114350735
309145189
343478835
343478835
733490781
503710115
448712201
343478835
448712201
993230339
695597955
89533884
448712201
114350735
343478835
894983952
503710115
419819409
37516478
37516478
154326036
850799126
37516478
156653583
388062958
580254229
12727784
386309564
642894608
850799126
12727784
361500013
59809248
295275186
179022380
570121215
391873168
429865164
391873168
391873168
429865164
850799126
500779804
596641916
154827596
171690005
154827596
413140142
413140142
59809248
215635786
36432295
575310823
59809248
500779804
817609687
817609687
817609687
958289166
809241895
817609687
817609687
466012060
986762314
986762314
792063538
544193857
958289166
88543375
834538760
88543375
998503561
387063248
466012060
577978878
742326613
845712242
268127271
998503561
88543375
742291729
922334381
441420320
742291729
922334381
922334381
125972087
470064638
125972087
268127271
854211581
751321218
681604220
583883134
500779804
583883134
854211581
948027297
109128768
948027297
629289019
550050043
166690874
469368059
722191429
544193857
722191429
910293026
134035470
473403056
473403056
431207033
249014186
621515777
910293026
722191429
969166860
81470299
135918745
867323765
910293026
108372479
431207033
132307336
225860116
225860116
225860116
294484782
81470299
168334640
869472339
225860116
610761023
610761023
800544454
301038112
440391660
161553263
161553263
440391660
161553263
177150735
161553263
960579660
486341880
121934345
108372479
250858912
960579660
803514314
161553263
282947719
708239554
282947719
551030422
19213727
708239554
803514314
250858912
19213727
593208634
748760630
221786185
921854945
2235613
765194669
2235613
913348868
663776836
103751870
459565390
459565390
103751870
19213727
45191781
507620018
732029169
201609845
765194669
120384845
136890849
45191781
937676160
448780873
226316430
441774796
54002275
441774796
136890849
441774796
811106422
324031688
720692332
213548570
827420693
393058449
840715074
936465083
113745275
827420693
213548570
967132578
840715074
811106422
765928146
765928146
334591540
42423941
241999700
42423941
121635195
241999700
393058449
80372125
738312504
744422786
744422786
744422786
180389378
183568873
71278803
744422786
372633579
890606213
890606213
61824437
703818605
61824437
911746860
359944782
768841237
91338485
905158234
4844584
214316297
155880375
214316297
117017010
214316297
810023885
866827808
284822452
879183527
261041156
117017010
66440153
284822452
187453457
280434618
280434618
280434618
117017010
480177783
241927505
280434618
284822452
710434417
280434618
474435929
504682095
261538914
261538914
519083352
64772748
473485571
261538914
471239825
474435929
68180261
471239825
447333347
577807207
244765375
508044215
604208711
182591761
577807207
508044215
924135155
244765375
681729178
604208711
681729178
504682095
447333347
623704142
82733094
117453531
216645507
87247845
919383034
623704142
623704142
216645507
216645507
623704142
287951346
960633996
153723670
932511072
960633996
133118476
930123825
631802966
543189824
543189824
930123825
104418892
577807207
930123825
58323074
58323074
668494042
114726032
796454194
615483182
29698663
801057813
278910145
615483182
458394197
801303238
779143174
801057813
114726032
33482640
510596932
146586858
779143174
779143174
932511072
146586858
908327746
75774219
705122068
615483182
107648466
627237290
884957428
705122068
64633651
275122926
924941781
924941781
924941781
877440164
877440164
367318455
493764025
627237290
50096610
46004707
957125346
493764025
50096610
877440164
116547283
922179659
443555167
587055068
707717125
707717125
562381268
379451600
195933883
379451600
451226660
707717125
379451600
379451600
421056540
659172290
371010518
565622130
924961532
924961532
246451897
793196947
269987952
793196947
882213751
142411660
826043707
243855367
483881075
826043707
419454466
826043707
906065171
614263103
812502267
906065171
516711874
419454466
812502267
132067268
812502267
144793965
27422747
812502267
132067268
940186382
291393291
990667082
804610366
804610366
940186382
88243403
243556780
806863742
858292649
858292649
858292649
347980195
433040269
537255458
180013034
953955237
265524492
265524492
222837709
265524492
122913407
568440216
222837709
122913407
199333466
655775697
182395797
168968456
168968456
752409815
741522599
741522599
782069042
566430496
307043862
741522599
656753758
997396363
997396363
844968700
997396363
856987184
182395797
310639080
785904786
997396363
896132682
608041889
195613897
674630327
688910770
166452789
72539732
184862665
7968157
448245357
264791481
643927520
555767727
184862665
33950632
591214508
110666707
304378785
110666707
481513899
304378785
699261650
267361098
267361098
670625976
481513899
857666921
591214508
956858461
670625976
755641415
181707168
956858461
956858461
643927520
939771274
755641415
758893579
218646080
260175242
575158992
755641415
471629396
471629396
465545506
670426210
675777105
465545506
13093558
13093558
575158992
114547357
708149058
283681824
184671364
834009049
184671364
465545506
296715225
296715225
475104957
475104957
415969400
342711196
114547357
600944070
475104957
928519714
834049144
24442560
917110972
24442560
416849499
92665766
822268980
76501449
822268980
229581865
902835873
902835873
902835873
641118050
534659835
352867064
134879087
352867064
857324508
134879087
857324508
671581144
518733413
857324508
857324508
268829473
285108574
268829473
518733413
77871463
704515635
696280063
385380785
210244523
179989073
385380785
359251445
285108574
649381935
452897844
544096183
385380785
64928584
781481039
544096183
254840996
339772031
351834569
339772031
188297597
649381935
34601117
649381935
977768489
614386551
501965204
246269588
246269588
501965204
545706459
478071496
810661418
163156476
393705596
346378370
610033400
69478988
612314088
393705596
142214951
602288038
612314088
602288038
669767667
602288038
537257199
602288038
658193628
968125182
224497672
967227893
669767667
394168746
967227893
2602850
73133597
965811449
939784727
2602850
169167894
169167894
658193628
2602850
939784727
290738378
661192149
880355424
959658531
548842526
548842526
939784727
880355424
203213405
148538536
28177202
826229743
28177202
667705533
826229743
661192149
783364505
929999998
28177202
783364505
738639422
664438633
81968767
609695969
81968767
609695969
129372153
101366338
81968767
353685340
664438633
655094321
655094321
284728059
462110806
460575524
19143878
372771611
398377058
496346243
518746638
518746638
19143878
19143878
372771611
357644472
837327603
389992099
214021982
837327603
724691384
258024824
214021982
169562330
726528110
36248880
192745445
26785510
954041608
491881130
491881130
716765774
214021982
52243954
52243954
540511953
716765774
716765774
391226681
943408812
340970165
943408812
943408812
716765774
935320591
98028517
468813798
943408812
203640051
72105104
797905209
151128334
98028517
8415754
564351779
8415754
797905209
589755735
195935087
707312737
797905209
70765522
8415754
98028517
391213011
102007253
895416418
915452019
557845835
809306943
151128334
707244838
63877441
717916689
102007253
732091638
650732980
434875053
117795606
809306943
418612274
765687283
650732980
431158972
804373371
418612274
516811867
732091638
50333457
117795606
869634973
50333457
855823167
869634973
869634973
452413905
162003891
208450810
905805257
452413905
308681844
308681844
531985929
23785671
438597586
611543263
442936193
611543263
860026497
876908648
366049696
2014521
956513261
876908648
956513261
366049696
841211568
862529484
356163395
931620724
931620724
674043606
89375230
104151941
724913327
66525106
931620724
99509424
120685043
109152622
99509424
109152622
724913327
103796088
645726195
111853913
517448144
68996397
111853913
111853913
517448144
27299658
103796088
596859615
111853913
68996397
947019344
969807038
553134932
947019344
969807038
925413133
121335032
90633158
553134932
719199302
453747734
59962015
396588109
624720629
642085128
596859615
453747734
141796641
849346960
396588109
658162522
431863513
642085128
689790705
787591747
30059286
658162522
447189988
386059360
768730478
135199658
676492719
676492719
166544299
676492719
851991671
431863513
166544299
509785111
166544299
64431763
97444461
330273560
330273560
9247924
676492719
64431763
716378081
330273560
563859945
727119066
670983904
355958425
263695692
355958425
724559246
728564311
102446063
670983904
670983904
293312917
123139532
887291096
123139532
744162646
213974034
121437945
201023865
201023865
459685601
609112900
185339543
201023865
730638271
185339543
140675697
201023865
848027703
367484648
779045021
367484648
772295995
848027703
304063549
185339543
367484648
733090080
901733428
901733428
2167318
682461711
225670769
901733428
999689019
358304680
963826738
362476177
330426528
527314962
622663250
868755135
53558226
53558226
692788207
2167318
394765310
72665556
795833066
692788207
2167318
612959502
612959502
612959502
95554045
72665556
326669060
774873871
586120625
304394173
716417046
586120625
204306052
684025075
774873871
762094219
204306052
758587356
482397607
482397607
222660998
923179765
277349293
47692811
32872342
315252503
222660998
98370303
698904648
21035477
556537602
749676959
293299357
304394173
801386413
293299357
324757315
11033026
542482671
172669251
352551824
542482671
78313380
78313380
78313380
127086152
127086152
971936414
726092198
129119506
971936414
429753522
429753522
260903872
726092198
129119506
579809462
719424476
588657400
429753522
588657400
588657400
236020335
47723045
372619853
47723045
598310637
294307398
805118369
504405239
691214622
926028948
47723045
433918301
579809462
848146392
304689556
951930242
848146392
433918301
719424476
598310637
895277919
113217245
678994912
967891715
125995145
895277919
228534018
228534018
702386288
342839170
88863159
667420287
228534018
332720325
788758795
332720325
895277919
29958711
663725011
971219211
577460958
143844773
16318631
16318631
96624362
357935063
577460958
16318631
758726945
921980815
859063320
758726945
859063320
824767290
935793743
962653897
921980815
700052997
454438927
859063320
398117323
228417955
700052997
228417955
666739373
967891715
655309827
673889176
394069533
655309827
465957500
864893755
666739373
313776156
465957500
971363094
971363094
640858669
110853834
789455101
659808726
399819130
921980815
944052885
567016400
640858669
567016400
567016400
62596507
742746072
789455101
398117323
85575930
713557432
217880805
685568554
67189419
82189523
79552116
85575930
567016400
85575930
738694376
186325713
186325713
591661683
642063784
876177771
32179758
47980201
12816995
188821138
32179758
876177771
12816995
133859123
249053574
812517955
738694376
561927423
461406092
244477824
461406092
461406092
234160085
287739595
475443400
573417636
244477824
133859123
974641258
94121616
974641258
18392878
368873071
200295542
635573293
497551379
600100094
475443400
200295542
960445645
85988008
561927423
29809947
365257463
683314396
340205107
974641258
66247421
887657212
66247421
472592847
75733863
887657212
300929260
75733863
188109651
993509479
305551713
9302373
13413657
314976753
968533146
968533146
188109651
716440036
993509479
643263536
146235640
9302373
301041296
9302373
510044110
968533146
577191765
515811870
184247119
643263536
906067101
959356697
139605327
959356697
139605327
161819593
139605327
259878266
901897784
14648680
214570573
845051854
61475212
731992813
61475212
798642072
430963465
510044110
581843159
798642072
614390977
581843159
373290533
346981326
430963465
667960378
728177413
74950907
2997247
2997247
581843159
373290533
87273420
252025340
405220280
618431051
252025340
405220280
736161095
128609966
128609966
128609966
213567869
218713755
444033163
577831525
213567869
900498204
692573607
773528227
444033163
168558686
143095724
213190657
808410520
76385903
363781024
786468996
869079527
786468996
869079527
296129003
396566289
405220280
342941112
953772976
370492064
805529596
65859298
802476869
225427263
805529596
225427263
620398479
655939768
229419677
427101445
471819608
65859298
134266530
875544084
198379075
620398479
829283143
829283143
198379075
829283143
298041132
825071838
298041132
643014952
643014952
189044290
875544084
825071838
189044290
690552893
189044290
385897041
605031099
385897041
942901710
293468897
280410066
663933275
334426309
334426309
663933275
663933275
105695499
446326565
446326565
960986948
960986948
960986948
960986948
902657263
848742089
385897041
848742089
395334753
395334753
454309922
176572970
176572970
820244454
41383214
768118859
432501273
820244454
11414776
9451466
11414776
816717898
717422893
323580913
257735970
464449406
378168591
20384455
464449406
262832134
954407399
298484555
983354287
262832134
983354287
983354287
983354287
378168591
871021914
510110514
244674148
449571220
871021914
196887221
176023708
196887221
196887221
244674148
839483062
196887221
773441071
160058298
160058298
773441071
67859526
152040480
122616573
262832134
152040480
660180725
