1
252663722
1
252663722
869318945
8145311
869318945
1
937108575
213714612
213714612
216383849
994668198
937108575
213714612
441591152
514171147
305821212
251948708
974758159
8151239
8151239
977043488
8145311
16921536
830669286
441591152
726511047
33905831
357890346
830669286
1
837757599
441591152
357890346
837757599
801124999
553309763
842050415
837757599
357890346
357890346
654173761
348807340
909487234
522667219
348807340
572380124
975509039
348807340
975509039
869881355
396797157
419329849
971797908
726433
325158987
245819359
45843026
245819359
184991959
45843026
292850275
666272159
522667219
944151609
944151609
14361457
861008679
861008679
868255297
810450766
898679440
861008679
898679440
64669672
64669672
898679440
868255297
688636519
868255297
819119345
663163786
167192186
299007142
982635530
855477275
634620774
810450766
438231540
305871651
580457916
982635530
550521676
380999733
305871651
380999733
736034461
599123422
736034461
159053416
855477275
527449286
452750653
173706303
173706303
309591599
398356943
398356943
740503067
214053028
398356943
673366916
454080092
406405437
438231540
14816036
454080092
963500282
14816036
450406423
711016290
263360612
263360612
340699381
340699381
340699381
672403112
557480332
886222329
71082244
886222329
909038061
672403112
732087737
972851493
623167265
299520126
620329171
299520126
789265578
945117184
302737613
524464119
945117184
85709780
6599799
480983158
351896802
803368723
882646896
371260908
455823464
455823464
414352989
371260908
455823464
560745511
95931632
455823464
206999276
467746405
467746405
113601053
175610760
467746405
224490347
182407907
53647397
896834703
65671558
549451588
53647397
548333131
137178497
766743473
9520157
224490347
315743323
865882112
53647397
396735365
220383751
458652618
66933943
66933943
220383751
9520157
137178497
170946604
869872630
176823418
220383751
667333464
170946604
667333464
336247256
804243969
472548836
336834575
125177086
894993137
218205862
272505464
664061239
444744808
218205862
272505464
336247256
444744808
656788055
738048528
280255295
324351654
695508513
125177086
405583753
460551149
460551149
953959823
616658259
460551149
293881791
251258679
978192723
507763378
460551149
965886924
263553530
948394710
899223034
978192723
173601998
263553530
160202628
740716396
740716396
740716396
643046241
932579261
643046241
643046241
307921933
104213772
104213772
801205610
684866523
684866523
214844828
214844828
643046241
214844828
738227938
63317527
638561686
63317527
978192723
738227938
263263299
63317527
263263299
899223034
263263299
774234347
750792194
719039753
90526925
336737162
502890755
524750855
234036605
524750855
869794321
869794321
292479344
342163338
292479344
869794321
96329697
907929532
675567808
96329697
361523391
361523391
524750855
344775771
668649671
703588116
508690097
344775771
96329697
328158659
508690097
880720703
211940296
331221989
965175470
431201416
363655008
965175470
508690097
184158634
668649671
211940296
317884595
53728892
744694793
167648818
708761377
269878006
985215491
363655008
34066459
130485521
703720369
392101406
703720369
184158634
588566542
397931289
578707649
642804996
397931289
397931289
400814111
497686476
497686476
483442232
56159067
234534750
703720369
801517006
70896543
689522527
513273956
170467911
94865529
70896543
513273956
427069806
99355653
215307046
61084549
990662902
313181877
792618165
736358396
736358396
160811755
48227672
560505539
286742262
560505539
66186315
66186315
427069806
702606946
33254591
700415232
702606946
1761536
17656730
294893216
974960170
528676147
375335064
251901670
251901670
528676147
725632761
478844321
111480786
375335064
111480786
153072523
671382648
314549115
312769241
369329799
923381185
280215030
280215030
73651536
923381185
73651536
901752040
723076164
723076164
449171098
270913315
507292053
384963023
100982698
901752040
973783387
973783387
300406593
100982698
300406593
100982698
28511680
28511680
457519738
938563494
323243963
938563494
660685030
240984369
660685030
660685030
437770984
199366256
325619913
437770984
180052725
437770984
697110224
123526444
432626112
716714599
956740512
432626112
182842701
182842701
956740512
180052725
865806380
865806380
399071399
865806380
668633256
668633256
282428096
146100605
67436307
501125043
98582
146100605
321515639
769863605
163852422
461547146
569557168
461547146
163852422
60484754
594398075
792727430
60484754
321515639
792727430
131212648
147703661
545980753
545980753
365252326
365252326
187630156
18040235
18040235
365252326
131212648
309613751
523898972
1337366
734520396
64431115
768537573
170181119
170181119
163852422
694401336
546753047
694401336
45449568
637343246
881325654
881325654
881325654
637343246
270362173
337760561
911854377
937381268
865544304
865544304
118608796
514421045
887674649
463910956
842825861
266107332
118608796
953444390
953444390
224006777
63981606
224006777
266107332
162226071
668741175
224006777
46428716
668268643
107083431
814162045
224006777
63699604
814162045
63699604
237205036
424295019
620356662
237205036
504542353
669531477
415119565
69599959
69599959
270895736
221825609
221825609
152635179
337475146
221825609
900833147
237846015
337475146
237205036
739673390
285048765
221825609
441640831
285048765
991915817
21649167
976347527
723104413
723104413
976347527
132703189
132703189
796374319
156679666
214644824
796374319
314878215
61039813
942442305
181035625
61039813
973190930
469402888
827011201
614532506
208776003
496239919
614532506
731610072
208776003
496239919
176686041
176686041
121853056
334293358
121853056
409725692
176686041
409725692
409725692
409725692
946486251
109055781
736820833
109055781
523574864
576992766
699234889
699234889
585475687
681339575
239006213
576992766
807165111
931192950
677519107
163322771
187951843
434187223
438975333
121357618
252680773
121357618
171793674
771539583
252680773
771539583
35222354
498288367
187951843
498288367
498288367
601662447
523574864
533157276
215959011
547422646
983066
345964077
332526940
215959011
795096538
573553553
795096538
502066775
156160415
376845774
657649328
105724308
156160415
165663306
165663306
345755321
345755321
294665433
871618151
957187717
540594657
71304538
637889451
957187717
249279050
275180140
956606815
249279050
275180140
249279050
428405532
428405532
500332994
131178695
718821496
787301019
500332994
718821496
614846867
500332994
131178695
614846867
199227276
561300930
8258911
611048907
107681303
695594713
8258911
520650774
637889451
111806241
754517000
925303743
754517000
264048410
385335550
264048410
809573174
695098703
979829144
675972482
675972482
675972482
777610150
520650774
111806241
970042750
742593453
329326093
970042750
405049206
405049206
869479182
405049206
869479182
470444998
405049206
885921935
213866807
136949407
814119487
814119487
213866807
347716764
796727634
383219970
731337919
383219970
504955765
777985806
545393782
731337919
688973072
545393782
962622490
213866807
960924825
960924825
796727634
631124121
14617339
320669427
187491056
581893216
581893216
801779429
631124121
330730329
500625293
608267519
85746224
348847113
408527776
408527776
330730329
108631074
429727668
429727668
116600743
683981798
683981798
683981798
85746224
312748777
423812661
574008920
408527776
574008920
638527339
651053156
173969521
185427373
185427373
23273816
185427373
665867192
386322872
638527339
581150761
244338793
230582540
374922875
244338793
386322872
850099636
128636083
996114842
111589899
519438175
111589899
111589899
546442565
519438175
692229437
692229437
203382449
912126789
692229437
926796192
893510269
157468765
157468765
532143782
843714039
860199332
532143782
843714039
843714039
926796192
142830874
600230345
600230345
916214091
137579700
218226448
997027490
666033557
407139811
666033557
137579700
658967209
366791959
418249945
959918661
959918661
671949146
366791959
611900476
671949146
391044444
386625613
792697842
386625613
386625613
391044444
959918661
898993083
386625613
965664362
252317021
252317021
828226462
137275277
828226462
965664362
828226462
828226462
616830503
94892843
980720109
4811760
899737565
442029434
220232602
596822449
596822449
220232602
287877411
319626248
449212204
554322747
520125046
151526340
778966904
332593184
332593184
61880101
116566656
778966904
134546047
134546047
72393332
134546047
61880101
61880101
224484898
155735729
349386870
72393332
656238710
656238710
656238710
949758913
829352494
455934304
30107864
30107864
455934304
596488779
657206807
537936344
281962440
537936344
537936344
596488779
665850465
173073943
455934304
634796624
304379485
635222204
191550837
635222204
340110824
173073943
845618688
793658823
793658823
176757405
150668984
523927768
45275050
656238710
634796624
745749477
150668984
150668984
176757405
58501104
926736167
779693840
134546047
872610987
935825711
935825711
299374092
779693840
728175205
935825711
745749477
141849068
292567802
74017072
751740508
935825711
530088891
292567802
694175102
895572549
530088891
260708920
141849068
260708920
232874384
728565317
432644993
432644993
35788243
432644993
577361120
594988830
530088891
172412360
809679825
35788243
809679825
384965437
416814895
426647710
470212604
416814895
755687748
825429987
532938439
35788243
877390305
148303891
896475258
221801097
296126506
986070310
639107977
259926244
759214024
639107977
585909977
639107977
705913253
585909977
759214024
705913253
89713958
89713958
89713958
34165937
705913253
477011254
119908129
51622913
51622913
51622913
119908129
731496965
744502899
119908129
208825022
102531019
102531019
912689574
28076836
250053124
28076836
744502899
912689574
250053124
28076836
28076836
417152344
685586333
250053124
912689574
685586333
680846762
720879226
440425145
285671789
285671789
697660301
680846762
369442583
697660301
649403550
369442583
58754555
680846762
64207760
58754555
759730599
759730599
285918507
616473790
759730599
386281399
715052634
715052634
616473790
715052634
285918507
740709866
263909421
263909421
740709866
510264096
627339092
263909421
218081943
451928922
57508485
501437713
501437713
692252316
186252107
543625075
783213938
510264096
482242786
482242786
752358485
783213938
543625075
263909421
369517313
740422069
736029635
717595184
598433644
717595184
482242786
995529802
240619671
392122034
392122034
160799039
392122034
648732702
616339365
616339365
93934448
232557281
510597099
510597099
648732702
999032194
232557281
63675245
790384158
53865575
63675245
484332441
669138904
999032194
425011341
913697347
354093584
222289016
913697347
357999325
261248307
222289016
669138904
335902344
351970318
357999325
222289016
357999325
351970318
769277706
769277706
447378426
335902344
334829890
218621022
799863004
611205974
334829890
624404548
647661278
611205974
91507053
846189105
629892761
611205974
769277706
922181802
166571066
78828174
905630012
905630012
166571066
405724670
362338464
864835770
166571066
142413798
864835770
930424063
34289619
34289619
647495296
34289619
834672540
111840838
510640775
807785180
5398514
914872453
5398514
436528702
77053130
889319332
889319332
35848546
167113315
35848546
642130469
34289619
889319332
702909679
77053130
663337704
57610545
57610545
771092395
771092395
886175281
635935822
558479543
635935822
131476975
607363981
202760765
417706879
202760765
968666416
202760765
743481147
143651287
197175483
447070908
690812076
447070908
537404036
684243374
447070908
567320682
567320682
567320682
745250883
126919046
126919046
126919046
533745348
324307753
23671444
263919964
800435514
377034194
23671444
263919964
126919046
570958764
206605752
570958764
48717283
592526847
513728215
592526847
206605752
189132943
23671444
471682174
11061882
614692030
401707210
614692030
614692030
452294083
513728215
11061882
245563040
58181612
76002207
189132943
850499194
58407036
132102465
952226506
58407036
401707210
850499194
58407036
603804645
850499194
157053303
603804645
603804645
254108487
961749552
621743162
637377156
637377156
503110003
82529632
961749552
503110003
305034998
869030485
69197035
869030485
254108487
243623329
955707176
955707176
433543862
194517601
231676390
955707176
243623329
194517601
718065154
759083014
231676390
584423267
584423267
229156453
232609515
560488138
871382372
229156453
560488138
332029514
232609515
956455982
952732077
952732077
565165499
823111793
168254076
840969001
840969001
574934929
908586195
908586195
840969001
4211922
247905837
785971191
908586195
845114198
886516115
942404324
89504916
845114198
537034467
89504916
426586510
426586510
730676862
275851342
426586510
877201919
275851342
877201919
464710120
126584419
126584419
339162015
401796377
877201919
820700273
3528203
382978041
368009630
163938375
820700273
163938375
226872323
163938375
163938375
281882610
124138023
445473774
400912783
400912783
851418082
712037807
851418082
598917722
689347034
596241990
915371075
530626009
198697334
130271353
712037807
596241990
689347034
130271353
728198820
339679214
767130498
585506874
767130498
339679214
336524216
593281878
133497449
302002303
302002303
302002303
776099872
140287192
776099872
709712470
719365103
719365103
287616608
556018822
109533883
133497449
919334263
919334263
960037709
556018822
239881834
221413617
960037709
144649040
102711421
23138890
802921691
221838425
117597397
445010302
536289207
536289207
271603513
221752954
960037709
221752954
430804422
706160377
536289207
594633556
670967361
594633556
594633556
199325119
482802321
199325119
94585939
94585939
676663480
804890360
185858258
110869882
767123563
767123563
16687691
44882168
94585939
943574902
931626913
661785889
641694389
343730033
943574902
222234089
616787909
661785889
533446629
605025993
343730033
533446629
110869882
842526318
651446752
375154148
425779077
893816235
893816235
375154148
124213405
386050213
768278514
753404847
753404847
753404847
282039260
768278514
517025553
517025553
934415016
934415016
88518205
66806106
135972995
208110923
208110923
334101011
593645235
327686169
593645235
553816539
212698947
201793692
212698947
201793692
201793692
148580544
36733182
708010885
548636881
36733182
7421149
548636881
708010885
931276007
7421149
427581218
317792904
427581218
643903157
961671485
961671485
931276007
77446460
245571815
257045033
317792904
313536051
765961851
27596150
454062593
510667439
245571815
510667439
857825939
510667439
694126471
694126471
645582521
527015046
527015046
527015046
442199208
442199208
442199208
182747034
237445570
237445570
118438128
269492742
442199208
320824616
118438128
977645971
263183002
280495979
79489716
442199208
263183002
79489716
464518059
286768783
995060981
405639810
305432538
34489491
405639810
33515183
339189564
624038784
156096644
744985306
34489491
666706850
973115567
223950759
820501187
820501187
223950759
161957358
161957358
223950759
691053408
820501187
666706850
833584545
339189564
113296758
833584545
123141824
20797260
123141824
123141824
411902415
123141824
357761761
123141824
296011687
776267576
594406179
731173317
490311740
594406179
357761761
123141824
610143122
869323815
798434219
228911966
985019346
413093909
869323815
182124029
51635228
220985503
985019346
222680907
222680907
228911966
547317895
754769416
419653282
419653282
419653282
431569163
24027112
260885383
220985503
206340421
286464282
667961268
667961268
667961268
667961268
532908167
23717368
572639184
249544118
820083138
820083138
249544118
765413347
249544118
765413347
166446431
982590562
982590562
868495074
29649254
220973981
290594019
290594019
273833541
249544118
699710384
588891126
588891126
671936827
191914734
273833541
233906736
125303614
902673260
208510586
233906736
208510586
850999109
233906736
989062945
766444694
989062945
766444694
707450116
788466788
256555386
17254504
788466788
788466788
921203140
902673260
235393478
950579566
788919078
352425692
788919078
788919078
640891182
575821467
588173687
619991808
619991808
619991808
424948179
424948179
158528159
588173687
309171612
85062317
588173687
424948179
129256396
904203294
904203294
369839028
86204965
32299570
158528159
425208361
270753542
425208361
950439418
425208361
771221921
199106589
425208361
344270701
467844734
575746807
26109797
707360622
850015906
850015906
575746807
850015906
321688947
196849391
428946571
957853921
217473269
957853921
217473269
402277458
199106589
655671517
545744221
922866511
70972034
526644620
668376194
804014790
545744221
655671517
640503518
640503518
807064062
311847146
807064062
807064062
980481380
311847146
499646810
499646810
499646810
980481380
889106328
86298348
86298348
889428782
889428782
287243143
287243143
287243143
287243143
17688782
814220481
871149232
294620161
792611949
57080259
650155653
792611949
750103589
239670816
750103589
562997923
341170018
614360967
562997923
140159371
253888428
968980997
253888428
968980997
83622831
81094719
988127087
614360967
81094719
94720997
140159371
180892990
94720997
517422978
81094719
517422978
961158575
988127087
859071718
444519403
859071718
15278708
212857510
444519403
15278708
778967719
280391843
778967719
280391843
497278740
869078787
158647810
280391843
610947656
280391843
285832202
212991407
381539629
799027811
212991407
799027811
958174
328024323
799027811
958174
746592989
241337804
363069815
388557043
381539629
953038765
901893393
199762144
199762144
759890667
199762144
738261333
901893393
276212145
715841022
868918170
276212145
73398321
206770498
715841022
910755565
448672757
910755565
206770498
42327973
42327973
224939481
448672757
887809561
211748341
211748341
571279713
211748341
779848279
14312222
287264876
672915901
571279713
287264876
383361327
206385586
641602789
641602789
931730319
206385586
56176713
383361327
211748341
614641216
597741141
464267375
641602789
728075418
258920288
153407609
477027469
641602789
23218663
153407609
641602789
281793410
118210097
411615288
550599981
411615288
903000601
174173625
903000601
972052966
174173625
450422887
174173625
524862856
743244415
731145107
265100040
265100040
331901187
331901187
757807138
174173625
853857261
274679162
496613438
514450395
972052966
19975287
274679162
19975287
949225589
514450395
514450395
582029661
223167833
366498573
66733250
251623359
457142350
366375230
19975287
58817884
39862446
808077511
889348526
815341189
889348526
582029661
889348526
286242466
888790877
791991361
561092380
45563608
306357956
891920723
484748780
71062278
484748780
680554335
31885963
701565938
937235593
602425502
314575887
491419444
194879078
851250910
194879078
431592198
431592198
428292522
431592198
431592198
173241048
882447041
491419444
419413222
882447041
368702924
263489670
990488533
289553130
392117502
839609894
281938964
990488533
289553130
281938964
185240529
882993530
263489670
358255697
596418230
220962045
962794259
300171911
815907515
30246777
303889052
815907515
788271018
194879078
788271018
156502445
908025818
908025818
781753172
121676325
958325004
121676325
121676325
316316712
431156214
431156214
958354502
788436913
593901430
772414343
593901430
665372835
772414343
544880197
307849745
985135868
64734561
101798291
64734561
385206530
778695577
676646379
980633504
562748983
32008026
237029707
652404661
32008026
240887209
240887209
240887209
267654818
652404661
205135995
267654818
14359496
547039728
561341761
561341761
