1
1
1
1
796545282
1
219636194
323807823
1
711244905
356003650
219636194
796545282
1
1
1
605718590
644913120
583438768
301319465
48050104
48050104
276287463
850119928
602728799
115635115
877999546
807519348
626039401
626039401
661079230
84272785
602728799
602461494
626039401
602461494
46082111
531674020
926892156
531674020
368549463
4993614
531674020
531363654
4993614
929515496
15445419
188844046
29190467
934773014
219228030
29190467
195273976
934773014
219228030
237012247
115800094
237012247
195273976
242900460
428506167
810992217
810992217
237012247
782951345
785690333
35085867
286538507
35085867
96634076
96634076
96634076
35085867
96634076
35085867
904618874
291482696
172498561
172498561
286538507
785690333
172498561
133329733
224424439
380558083
753019175
159501956
230380134
361271290
172498561
593687716
459821195
459821195
459821195
84515464
604841601
593687716
782951345
84515464
604841601
889604496
23300229
248262885
248262885
889604496
248262885
533213268
661243260
514505965
900204051
209827354
843028728
625265147
248262885
843028728
364630572
654327884
146226248
654327884
364630572
935761213
773027957
87171977
364630572
935761213
736765999
773027957
178537034
365433749
920513047
150864078
874789449
87171977
364630572
773027957
364630572
889025433
101367733
874789449
101367733
27795559
326342811
388390754
116450368
237335317
50028367
122276823
116450368
291006434
291006434
291006434
575448577
652615084
50028367
984012075
441172673
482989055
139698622
173351753
652615084
173351753
291006434
198484668
864582873
169587887
166103856
976900626
887953210
598750525
816218987
390351806
531874312
598750525
390351806
367225098
284823261
95790328
886065503
121300855
678269223
654821259
493498219
390351806
781747209
816218987
576950051
886065503
886065503
126255833
539802438
975624975
644233793
333528766
54472428
493498219
975624975
164917331
370239459
673393444
673393444
54472428
203170062
54472428
165680900
525959066
164917331
673393444
525959066
279922699
525959066
211180121
790325812
790325812
790325812
790325812
326585503
326585503
217740345
154768923
550520877
550520877
475958688
941764344
941764344
917002955
150829176
423840209
483689781
186320328
113340011
186320328
263006639
423840209
117432332
821585823
263006639
805916272
892324661
117432332
252073428
462955620
856780239
892324661
625491901
892324661
426030424
459843772
892324661
462836878
165916570
274415349
317694135
297657930
459843772
14711186
301905373
301905373
335582050
297657930
210659505
14711186
335582050
90892711
529771401
922168686
630029667
529771401
333085960
297657930
290894536
543837807
462646046
317694135
856780239
333085960
333085960
460267424
897836949
425592725
460267424
883976571
697652356
356436045
547722381
356436045
963829209
898557469
918542982
881198712
473157931
39462418
468724146
89572115
918542982
462684235
203924435
468724146
883976571
251010300
104872821
203924435
20356361
615175833
458893053
162238021
828898548
251010300
817774017
817774017
162238021
422998041
977220004
685374702
303482478
778948102
162238021
422998041
778948102
422998041
21360650
204254611
750580314
20356361
750580314
187946796
191018556
250736430
800368249
374212998
423850890
571288765
423850890
797500194
250736430
723443360
266389986
350778224
11703019
625656116
144083343
11703019
11703019
635896708
635896708
365971173
354960714
191018556
723443360
11703019
365971173
720724010
720724010
662247862
119195365
723443360
826929731
200858554
645743913
206297575
539840566
524677108
635896708
287745491
524677108
628037739
248358481
628037739
358269875
539840566
539840566
438611132
248358481
664103272
662247862
790552072
418851632
790552072
769236370
621184053
5216230
567765110
16834242
333499419
333499419
422281977
142270178
761120564
544646938
897856246
793664274
956051834
639474430
956051834
793664274
16834242
304030801
532636565
787816856
793664274
43936752
599895336
675164038
856101379
220616460
220616460
220616460
893819471
349877020
645482626
349877020
599895336
304030801
748150356
787816856
502801974
826505931
33784832
141067840
141067840
794034012
796784677
927074583
974130613
497616640
497616640
639474430
223704886
631126146
229107434
229107434
61371430
741417105
468811677
497616640
482377090
110183616
872295488
136618156
61371430
110183616
468811677
392499571
223040655
331725259
637742469
896101684
826505931
510523308
136618156
726759575
482377090
726759575
232189473
846377671
415273224
846377671
945952522
170298673
846377671
949006080
353027861
872295488
348541855
623888588
949006080
353027861
348541855
415273224
710204458
349976843
13959275
676504859
39897622
549006099
170298673
13959275
805141829
140758384
195325332
195325332
671732856
498246996
667785451
667785451
197604306
197604306
909792752
50565895
632396646
50565895
555538444
105275779
105275779
690337384
105275779
105275779
269391770
603117234
445876551
105275779
555538444
603117234
269391770
693371919
287089681
940867186
240983778
240983778
940867186
204056091
845029219
940867186
425969372
617123115
242772479
918286458
659515142
425881230
259257228
950640684
916179977
259257228
528496869
168782474
528496869
420286662
420286662
916179977
774474634
415287794
297528141
346290702
778530755
979855007
297528141
633766849
37717643
37717643
633766849
836610813
847397448
633766849
769364318
979855007
847397448
595003417
39343054
485106857
441611958
485106857
469898525
126822260
37717643
151960230
193110638
795653449
979855007
28007308
436592102
39343054
793021828
652426275
652426275
360100178
595402635
810636223
795653449
836610813
607181107
333867422
798852785
595402635
227538755
555447168
652178733
76121892
652178733
607181107
222037205
288574362
76121892
555447168
283044305
288574362
688279422
76121892
440419556
694675357
672488063
541782154
541782154
846173131
419653362
419653362
515816632
383315272
658467069
515816632
906181234
931738869
931738869
37460535
851697986
954986584
541782154
357951355
931738869
882432322
882432322
304867731
12848110
932781614
283800806
20488848
83453503
272429516
907759587
283800806
335726286
425780833
12848110
502148929
678390750
710100866
710100866
502148929
425780833
287519032
31566680
125821051
198304633
425780833
125821051
527336416
898633556
190810187
584576878
287519032
101526017
898633556
134792619
145987112
342645332
342645332
145987112
681404354
287519032
101526017
911123304
372864585
31566680
633773317
939083895
681404354
645995339
147438223
204884445
204884445
815317171
406496283
984275529
406496283
406496283
274371446
537574760
893330831
537574760
534290185
47784404
893330831
515617521
815317171
74544332
332976030
443215969
443215969
704072756
274371446
249148510
472687700
799428063
24564672
991861127
735136855
24564672
140923673
383234899
739923307
735136855
50520869
383234899
548232026
274371446
216094069
79025808
79025808
127607726
866209177
216094069
268094371
866209177
384376737
151166231
151166231
462202662
465862830
465862830
79025808
656217969
462202662
268554001
865124467
623502024
695064236
865124467
695064236
669903701
695064236
196054164
623502024
737751396
111367593
3329241
171218879
3329241
271025656
903223348
385104848
540240018
271025656
3329241
885458300
158847356
158847356
885696399
287647195
268554001
287647195
903223348
885458300
470888604
454017770
587910578
587910578
705144190
58864586
19816970
885458300
696197616
327265797
58864586
243810758
19816970
19816970
587910578
347995377
705144190
59816933
158847356
992821621
992821621
214268452
747880705
763283144
86412349
477154972
747880705
86412349
243810758
615599303
86412349
307899644
445321749
186660301
186660301
429832960
86504467
565113336
863920311
86504467
978921066
32157723
32157723
32157723
978921066
303108634
763283144
105900718
105900718
303108634
105900718
269410833
246615475
855445040
598358677
776065174
463245083
73434561
904497447
246615475
904497447
855445040
73434561
24702091
825748430
598358677
825748430
952503878
444009020
444009020
733907046
639552800
753924803
639552800
639552800
222466557
639552800
222466557
270631655
232209457
299696443
398784378
246339953
246339953
246339953
963487960
639552800
668650726
733907046
683136121
563263891
731994321
683136121
716784594
299366277
299366277
563263891
299366277
425676026
645137287
137734870
279195215
668650726
722487117
370669872
370669872
683136121
279195215
370669872
586540608
583302043
736159082
144215682
736159082
736159082
583302043
722487117
799928211
711643043
821505705
360792670
784803517
736159082
370669872
841727633
841727633
144215682
835805408
747172848
546111990
512058148
604382989
546111990
850708697
821505705
263381238
835805408
717943326
799928211
835805408
535480890
276593569
511492697
835666456
276593569
471214441
638646500
805906976
805906976
455768991
638646500
273787782
610932328
805906976
805906976
455768991
598764168
471214441
236930202
562018458
909615651
17178610
100980075
419844484
465095707
471214441
17178610
275326583
772418372
465095707
376787345
170552759
182134559
697954858
170552759
697954858
772418372
984070984
51951199
376787345
51951199
984070984
315601349
843236817
379680564
379680564
89973844
128927506
749714096
379680564
749714096
374172886
104637679
104637679
51951199
693956537
203624744
990353729
203624744
104637679
570887911
374172886
570887911
120754484
352330969
356048409
7932040
147827201
352330969
705369923
726916962
406459452
7932040
406459452
832033871
22951958
301714688
85681591
705369923
226527619
566651065
720995286
566651065
147229713
474425779
464391349
147229713
574449427
474425779
574449427
21842644
71997008
639209099
71997008
639209099
639209099
56297191
123863220
639209099
841897962
430679101
285491210
198150983
841897962
775251759
430679101
956369002
591871774
674700147
674700147
430679101
841897962
285491210
514567669
198150983
65447318
719023628
318085281
897307615
923701913
384415337
589479628
465554324
285491210
612871316
438112124
182514096
947637163
438112124
976063576
976063576
436757782
436757782
648659770
167376776
182514096
835715178
842386302
835715178
824124355
835715178
438095512
967279454
835715178
928013316
245170302
45051712
928013316
985108607
45051712
388254482
881179335
881179335
47122896
298462373
924520900
45051712
45051712
48667181
7512110
7512110
7512110
172498249
416258338
275099814
302554253
275099814
7512110
54823068
465247382
656877046
302554253
302554253
607727296
269648006
54823068
54823068
838657159
819620932
458298727
458298727
350298178
534535334
655996114
986614339
13400112
350298178
714637475
260471851
13400112
534535334
105871741
13400112
224954602
53917355
224954602
669086501
949017488
298221513
851656816
329927195
669086501
376261809
376261809
209775056
698245754
949017488
710275651
236844716
236844716
130033731
373977779
373977779
373977779
236844716
553807446
336547326
771252094
681809669
681809669
320130071
253526428
169724109
681809669
130033731
681809669
783583
681809669
157395926
214001865
833527372
318504793
318504793
169724109
786979931
843260721
540476571
861185313
251393510
849608207
829874195
843260721
794076131
954677369
839115079
384698109
839115079
698589364
880911854
285838223
538732110
669064954
538732110
59220768
59220768
78938568
477125513
703314967
538732110
645539456
318504793
703314967
943222077
450076477
477125513
766372015
943222077
771160987
934083350
934083350
15553408
15553408
395200937
176688911
703314967
112168651
112168651
645539456
206388232
554737802
683564533
554737802
318504793
904216761
683564533
52209993
304399139
304399139
643397302
771160987
337872920
904216761
474572214
304399139
19907473
511686638
35946866
206133655
397661400
547412927
397661400
186331198
186331198
111576722
111576722
429931742
429931742
843055489
919529653
245196434
791516834
749056144
82562137
919529653
749056144
82562137
397661400
82562137
309727945
396080514
628537061
300680273
82562137
300680273
396080514
455319341
455319341
881931523
533434611
257319754
53112649
36722822
257319754
101713037
455319341
5368445
101713037
205509027
709050669
711259014
820303957
820303957
842969009
711259014
93114313
205509027
734418905
219226881
380248887
484684200
771447965
745710075
759662482
13701290
613011082
949958205
514606989
514606989
117054543
980997348
53936829
219226881
427908712
277208103
851893728
277208103
514606989
53936829
498015273
823733857
498015273
823733857
361744069
5174567
35928944
35928944
5174567
285856705
486311791
195376557
823004307
450577937
422900570
940061356
419389201
419389201
869964258
937127570
87815879
195376557
602890583
51069897
711869692
823004307
602890583
602890583
407625508
711869692
825423575
849163451
825423575
825423575
304361754
304361754
304361754
