1
1
1
1
1
1
1
1
1
596131094
1
893989127
1
1
1
1
1
1
1
1
304790552
132367961
1
1
153851282
1
1
1
1
1
76780100
304790552
247809243
1
1
1
893989127
685259704
1
158812573
1
1
596131094
810617445
1
1
810617445
1
304790552
1
1
511593289
1
730997239
1
1
116404323
1
52335514
1
745800195
1
1
159667521
156972144
1
921895979
76780100
1
157367824
156972144
599827347
1
1
602947121
471866197
1
1
810617445
1
112362678
666775905
76780100
331494913
590365226
1
1
285566091
1
1
424401604
759589815
519139144
76780100
1
1
970477286
1
232628552
157367824
1
685259704
954906859
1
810617445
1
865668169
149537390
865668169
590365226
955077993
954906859
1
607659353
306349429
494595488
117693667
1
236224962
1
596131094
1
811277926
954906859
143103919
272789273
396594626
960644832
331494913
1
1
452724327
172322915
52335514
75135197
1
234039547
1
747748089
59924386
172322915
274636103
1
235669946
596131094
172322915
350757950
452724327
26084094
440419292
363450167
763878808
745800195
153851282
304790552
511593289
117693667
1
1
172322915
523019117
232628552
1
440419292
235669946
987107956
523019117
81786421
1
973277751
574450037
143103919
626275223
713077629
471866197
954906859
360121591
810617445
1
890147133
253221627
350757950
288845507
169122976
89409753
236879786
499726609
143103919
705837570
287558273
285320311
140376092
511593289
747748089
1
675632007
701411362
592540592
878227582
592110702
170833486
350757950
590365226
1
1
696645932
242481483
893886666
330308350
696645932
682086884
390111638
780606896
500254223
1
1
1
756789822
126646146
215355830
350757950
607659353
413909560
159252066
1
811277926
784254780
1
655671039
252958675
383775189
766575084
960644832
696992377
983269935
574450037
930742559
930742559
696645932
831671460
194696782
10744544
477387962
390111638
701591366
496306689
809363647
767452942
26084094
602947121
756789822
809363647
396594626
735533877
713321709
154517127
486841580
36454803
903360677
45557297
774964920
895016625
696645932
816228499
1
126646146
620377858
1
378453989
847856799
258891055
847856799
943734586
292374763
655671039
903360677
10744544
847856799
420085921
487608748
246926228
526500638
664269907
735533877
231652021
781910477
439054315
396169671
400250397
682264227
378453989
824252933
347690245
943734586
277867606
498249937
701411362
306699820
841568449
488833968
713077629
150249267
395920242
354206459
501116485
391610484
526500638
816178078
29976306
390111638
881206497
29976306
628713716
263487125
637781668
421557202
811277926
784254780
881206497
565413468
292260813
1
824289637
378453989
1
872357784
496306689
81786421
574450037
511593289
343770547
367498396
175429791
628713716
76868597
1
633470676
285320311
834532188
268569534
769731815
769731815
794958370
441779067
628713716
126646146
794958370
947217706
943473609
295929747
89409753
701591366
634074038
390111638
881206497
1
246374126
505575591
285320311
819869305
312572961
263487125
161529040
390111638
433612829
266343349
932268726
596359669
870023351
1
496306689
135124778
277867606
3292814
231709541
701341253
45557297
599442841
13492502
520957558
63538782
13492502
888081358
588341226
378453989
763878808
794958370
527729582
433612829
186966716
236224962
263487125
628713716
169494240
421557202
881206497
266343349
869270542
104548219
869270542
460589471
475315940
401382331
925691949
268569534
825061994
389767547
907145249
226500940
545169104
970485499
277867606
590365226
998257995
226500940
384963993
453520919
279163201
682264227
888081358
159252066
998257995
997064638
224285486
633470676
216386817
609828315
882846735
112324368
11398316
1
567177053
825061994
31127389
298892348
501116485
137850969
61944686
429547582
978447350
352618670
421244852
856410695
937846715
284567500
432853963
292374763
443927850
628405582
79492931
305784860
825061994
90645694
832288861
551171026
825061994
832288861
96857747
137850969
500885308
500885308
359715067
27990682
203493099
758509344
482538963
806030780
262661274
279163201
445337228
482538963
161089089
203493099
352618670
12081211
1
1
500885308
758509344
535099707
825061994
769731815
306349429
699599970
825061994
535461834
925691949
262661274
675169002
161089089
527603554
881206497
384963993
811110103
247469190
45557297
429265083
551171026
100835115
551171026
318275344
31899416
391610484
450838345
157213492
41967576
246926228
469214550
816178078
196887757
284567500
411664991
429265083
262661274
945216387
824252933
646575569
715436868
212072553
879273872
545169104
563348318
849126408
715436868
427358036
945216387
635847617
114540197
762122661
232628552
284567500
564291339
14514830
823193834
60127208
218570038
1
772898886
427358036
552526766
172317960
866960183
161089089
500885308
376802602
569089951
315149947
212072553
371841283
432853963
259105293
156232577
284567500
144301605
397698716
444905907
449636402
439054315
530436771
96857747
380079153
144301605
432853963
732446137
613943725
901386822
613943725
636238393
427358036
239679648
246940660
944194366
499116613
246926228
450838345
1
207329495
961677787
482538963
576906115
331286782
392638010
285177170
79492931
201555791
96857747
569089951
901386822
809363647
563348318
338329618
725043339
331286782
470859829
340907709
732446137
413909560
306865747
796701332
5192824
392396818
100786425
161529040
84572022
450838345
76849210
365725214
427358036
766575084
486995505
1
76849210
306865747
312042199
100673057
152800362
825061994
832288861
475315940
450826380
14514830
91567542
306865747
152800362
882846735
201414472
795928402
732446137
626608341
681397654
943473609
795928402
315149947
513729235
966637903
687076377
870300685
526366655
283067301
252941086
795928402
367182683
513729235
937846715
973727833
998820308
11398316
68917283
641450823
143420048
258586335
987430701
63312814
641450823
818137284
120269653
306334285
429547582
261006594
833015992
513729235
386093077
623909022
833015992
722756003
958412513
123735507
429357969
342718093
975434775
385617825
260420600
331286782
242475499
342718093
803906928
495246371
548429457
88267096
124620286
616061069
256644157
655211163
95789429
495246371
385617825
186966716
256644157
545407843
285177170
218417114
316776971
342718093
218417114
993860592
396656680
585257354
973727833
495246371
21297968
365725214
312042199
798275728
63609432
201414085
993860592
742635339
470882866
551537356
493105406
500524810
684284571
866345566
958412513
471174831
296092256
162214884
164111868
383961351
33079985
894404549
553158027
338329618
293319018
259004120
79604803
898552050
654241815
841571338
336641022
63638987
921569782
152035255
945563880
757456582
385617825
1
949754951
218417114
310483758
634386773
720602653
100786425
189182461
881206497
161089089
949065563
427358036
47378127
258883533
291429026
310483758
12137314
154241165
669107743
388128210
815476159
742896136
852657813
98900765
510517423
258883533
613943725
78129704
822606711
470859829
273301806
247469190
222722505
585257354
152800362
949754951
227101437
538062879
863018863
140559790
216402713
257409400
107350171
119266103
392396818
285777078
863018863
899601255
949754951
12137314
622445557
252070800
285777078
551537356
428446774
367498396
457379383
124620286
618258983
722756003
163290344
729138114
618258983
841571338
345656734
255916488
318275344
762122661
482538963
571033603
68023575
138537066
914475697
31899416
914475697
93155408
796190496
500264509
633238932
482538963
633326646
400415472
628468534
850067262
310483758
500264509
290855938
106900764
85012037
658534447
296092256
140559790
619647303
85012037
385617825
794365148
192370554
827581854
825474393
418517861
88267096
532413501
850518234
668080123
444905907
312042199
380849359
482538963
257409400
548970148
79604803
98900765
85396700
339825963
548970148
266475695
339825963
651200027
194654047
668080123
68406982
782427886
209344634
863018863
260732094
792631441
271223960
500264509
333414426
779742824
250689432
94785655
250689432
107350171
775048020
779742824
271223960
209344634
422448218
703627847
503519249
106900764
520149298
535009342
108875827
194654047
387122969
792631441
908218109
529378678
812084147
333414426
212072553
441784565
183092274
315772467
253890010
211631389
197606822
250689432
453782540
385617825
779742824
425347901
759004948
63638987
130857747
739656447
134149870
803906928
529378678
703627847
842199434
949754951
387122969
842199434
380465262
955071500
995302544
955071500
482538963
94785655
573404674
465540310
183092274
471174831
619647303
229665939
818137284
380465262
773654816
106900764
702430475
551063421
310483758
944269140
27905997
653533054
633326646
130857747
27905997
351425388
355189350
545407843
197606822
70667167
710917122
545908254
850518234
91504208
85396700
809261742
575547875
264034280
817021051
961228572
798392333
548970148
335554838
798392333
741892896
167837623
633326646
705203764
927699400
335554838
271247763
108875827
708603457
83399195
165388174
235724721
250689432
229665939
550721499
913223807
387585603
89290270
517677375
441595619
537734665
240804696
779742824
335978969
344458118
705203764
88492248
333414426
631491793
551063421
650334224
555480173
809287721
708603457
355189350
566009908
89290270
422448218
241846078
335554838
809287721
335554838
422448218
224313852
850966191
702430475
380465262
435360662
390593560
876291062
966800047
601243225
55099963
150095723
101435697
130857747
652289021
966800047
908880635
710917122
278197642
456701667
955071500
180587721
812084147
219665541
724677396
724677396
876291062
917472987
78862634
116763232
387585603
537734665
533583547
652289021
537734665
255916488
76871051
671900627
609398175
290560354
865073307
226991394
465540310
537734665
422448218
116763232
722078227
164719542
913223807
765036730
563415774
613050264
567842835
609398175
456701667
381484439
739656447
842199434
257409400
81549266
609398175
758294460
767720426
135648359
174819022
652289021
944269140
134474733
715840453
495019055
951041091
312487225
482229707
85396700
601243225
428446774
758294460
335554838
219665541
706560194
774234147
381484439
626670710
916488810
194654047
278197642
418796005
537139273
464201465
737295862
422564956
355189350
115530105
412220139
327880908
583676166
524122542
415543466
756355240
412220139
177748739
848588697
692036627
692036627
180587721
708603457
569970548
668560151
817021051
574193289
337196472
471688497
951041091
359691464
217290117
171654183
418796005
692036627
863298382
230201875
625512298
842199434
515360449
373963597
337196472
979814980
