1
1
681004789
681004789
681004789
391190735
1
681004789
283594597
424197103
149849729
1
681004789
283594597
576241728
535360559
922133686
283594597
434531424
535360559
336834263
336834263
153751049
652931517
652931517
248960613
23334033
23334033
1280074
532835125
116123584
23334033
22869417
298229047
75486994
151160047
532835125
116123584
200346169
1280074
200346169
434531424
475580207
344031047
42462040
705975567
298229047
401975148
300836325
344031047
154169564
128620898
128620898
344609573
344609573
320736396
248960613
344609573
779521125
654394744
98019658
779521125
74569426
625441466
156739485
625441466
228186527
410526100
796820249
250898320
327408930
883017711
327408930
796820249
447536612
410526100
110270965
110270965
474919279
228186527
987494091
474919279
761864307
856183073
167893736
841100136
456088858
167893736
536994319
761864307
456088858
665752714
630200059
187848153
551172141
514170078
665752714
437761807
665752714
630200059
602667244
731120388
843536524
514170078
734688660
22829920
838543880
72959011
602667244
639986300
392650365
392650365
843536524
774645388
30169306
392650365
330724803
328894486
774645388
383701788
383701788
171905939
226545284
226545284
305106907
24414477
940316118
30169306
240858867
240858867
410136722
244986062
240858867
244986062
164932610
409326524
244986062
348735284
88480556
240858867
814745608
184573620
810236791
244986062
992780268
304162629
164932610
250603077
895528429
19811197
819896518
819896518
99992234
819896518
99992234
84277533
240858867
84277533
84277533
112262694
128912867
128912867
30214826
947467676
358433588
981182881
947467676
572752285
285628806
330724803
311373533
634985770
358433588
511344228
356399191
159608176
29995250
981182881
623588748
989813895
22630304
22630304
634985770
437635078
19811197
396062688
437635078
706365599
29995250
104092419
104092419
241378064
296938753
305494281
559770113
396062688
241378064
746941623
226629463
749240302
104092419
494997543
126508365
225398382
241378064
547036232
126508365
59275726
241378064
909521046
576884006
132909149
346502358
13148347
154706040
13148347
9101615
13148347
238948750
383030125
458613361
489580013
383030125
148264343
331588808
341960948
132909149
331588808
261033217
213237523
559852974
626571360
211112016
132909149
341960948
604940105
237227183
100795289
604940105
842775298
261033217
100795289
21993348
21993348
613462847
604940105
270258338
578586885
578586885
475033467
889889570
768519936
990966874
975690132
842124158
768519936
642056224
613462847
175903172
975690132
893825758
796245320
58087263
642056224
30904198
100795289
842124158
48467303
698675926
144513578
166365473
842124158
439372613
144513578
496069476
439372613
796245320
439372613
958669607
92307166
439372613
489668828
144513578
698675926
439372613
496069476
489668828
504123239
415294822
93137521
221035289
429476276
224047290
400956260
182227662
842124158
245527531
254241414
401419479
254241414
508115556
245527531
400956260
254241414
175903172
530841394
823752636
880972781
809809040
809809040
595023153
401419479
254241414
4557164
6537404
113716989
693651869
13722640
496069476
530841394
583383949
206937394
13722640
804793187
619599532
595023153
908871025
642170772
215210186
413573698
759460459
740792683
455039650
144149457
97018798
274217308
740792683
274217308
693651869
200764820
221116026
606946126
795012524
709467022
459106619
274217308
839647280
97018798
409055732
459106619
756093323
278692176
158785460
358211402
606946126
801094064
358211402
608487423
274217308
660133658
756093323
824619614
619599532
218725158
831947474
895939729
971368403
804523700
199539557
980390910
608487423
736119875
156965988
804523700
242783782
156965988
736119875
927662291
156965988
341921855
332954743
341921855
980390910
454655253
662400600
332954743
191555013
332954743
355944744
5193453
759794074
628351482
5193453
759794074
799972509
507400074
628351482
106630007
625246787
243691001
506386198
110344298
397286402
799972509
397813808
397286402
628351482
628351482
397813808
928519470
973921762
677585311
406040495
610276249
324573350
975776280
973921762
413837160
406040495
867973687
461828374
973921762
861179246
194315550
861179246
677585311
89709803
799709204
723144765
280439508
194315550
468984589
355944744
280439508
280439508
194315550
618807361
7905137
7905137
223077074
223077074
223077074
618807361
723144765
557261702
962510993
475373708
825251609
223077074
595829489
689723162
475373708
665525935
665525935
595829489
560608010
121046651
633797884
227610433
220119306
100144836
838514652
121046651
804792014
121046651
100144836
582774606
44726305
834186125
689723162
559533895
559533895
95133582
223615794
816052159
429433301
44726305
53451055
919963378
429433301
288154467
940744967
87674160
804792014
703597098
225090542
111707969
34873449
111707969
376269971
703597098
919963378
72555910
231559265
911760203
379048061
191856034
111707969
19837131
771939888
49971244
87674160
288154467
529697692
28213293
928626415
191856034
510375189
529416885
564420143
215133818
420369896
545203684
439964333
928626415
439964333
183980658
439964333
426792770
426792770
426792770
488217622
488217622
215152916
796784049
488217622
531956878
78129555
488217622
722202185
826040735
200206018
111707969
483442746
296644261
296644261
928626415
531956878
409195882
296644261
712278300
84433322
942187427
722202185
564420143
409195882
278464339
942187427
84433322
311033866
498534043
942187427
394337761
28506719
278464339
278464339
84433322
607523662
532940743
332280402
109174083
992867515
109174083
677355488
276327862
992867515
498687482
394337761
677355488
217079164
226453329
156130659
260071017
217079164
495399665
533412324
217079164
442494104
305237807
874313178
75425108
184831231
42991371
305237807
574218370
688043063
75425108
442494104
688043063
305237807
67881706
390759436
79497563
578110675
555261456
79497563
92598084
390871922
390759436
555794556
444674861
15864145
530449906
198270354
444674861
373589603
196447409
908939897
215367539
758887536
215367539
37086341
60593952
964953066
215367539
520517991
758887536
908939897
950571371
611680734
950571371
248907032
950571371
611680734
754268951
696177198
288929963
696177198
259674154
259674154
259674154
259674154
864520507
232608634
232608634
163181579
232608634
232608634
215721195
288905468
215721195
232608634
791695243
194262753
259674154
300057680
173501768
832797896
906180151
297945488
380007746
297945488
181673983
181673983
181673983
297945488
297945488
181673983
962706624
288905468
28563087
517878244
402340486
185594122
36005596
415047392
922895635
373309203
377102455
791695243
437532347
922895635
519896648
922895635
517878244
471758336
450420180
397606558
437532347
415047392
252085800
450420180
143969866
200750823
748986243
200750823
66934633
66934633
750966098
143969866
143969866
619251376
750966098
66934633
73938716
450420180
750966098
750966098
561881623
561881623
561881623
146611610
643388150
150136000
602286502
921045029
156034892
777080740
106132117
921045029
106132117
158069602
643388150
921045029
416947391
158069602
602086529
156034892
771178212
146611610
741464514
700742609
953453960
921045029
514830852
525062474
761601398
740162300
740162300
872383430
525062474
953453960
742315872
527338732
527338732
532979614
156034892
532979614
158069602
286382388
721255835
721255835
721255835
522166970
741464514
484419482
123538312
484419482
522675295
925466106
921773239
688019897
162999287
162999287
225539845
85131410
142492074
150800947
744677080
6070297
28547939
85131410
841494683
28547939
575744115
395916511
357282890
841494683
395916511
395916511
524827334
901975229
6070297
980575660
345434629
740162300
395916511
782726905
782726905
299333608
299333608
782726905
524827334
980575660
7884051
315040751
7884051
69229431
225150139
620470888
528757568
284765623
590602612
225150139
146102166
782726905
665233959
528757568
993471809
550111982
259961306
665233959
933809885
359643638
259961306
379596939
590602612
782726905
359643638
788058423
504275834
956873476
273436527
593047359
413878554
892191760
988832128
788058423
550111982
786631054
470143989
470143989
765410234
536523311
272902688
272902688
533274993
988832128
533274993
765410234
786631054
459651512
892191760
459651512
459651512
569471406
185785493
65438454
982853350
469270029
65438454
606216208
518251022
518251022
184144361
459651512
149928377
8277467
786631054
144487936
606216208
184144361
155942751
156675704
156675704
562662697
946835159
93485141
93485141
180750420
407473927
562662697
897008015
513441663
513441663
582593115
354592460
954703614
163213805
954703614
954703614
459651512
513441663
126557573
965434671
641317604
180750420
989922537
641317604
111600453
575548556
989922537
414131702
512452396
247818089
461966766
964533255
461966766
385058673
228630491
747837048
747837048
848797974
385058673
152728915
641317604
152728915
508582997
326327107
326327107
19457256
471365977
793128880
793128880
87009476
152728915
457471541
228630491
794473055
762489321
54581179
54581179
54581179
563609227
457471541
794473055
612809115
34644821
535995070
382857021
230570403
9578945
305160131
698080425
357756072
507110686
382857021
661599036
698500872
405768184
679167293
679167293
87009476
139812427
811448047
139812427
661599036
105733579
577504605
995813459
991576670
967246960
265227130
967246960
265227130
583050165
37911827
37911827
138426932
37911827
967246960
150367757
434685795
776759491
62218315
434685795
62218315
82232836
265227130
457534608
893724554
132716308
150367757
712713693
712713693
457534608
584782945
893724554
173945214
355441708
251331100
79591304
756375737
251331100
496548119
496548119
147611951
712713693
251331100
79591304
877786141
491567762
147611951
254468327
834848011
697086196
877786141
877786141
413846004
834848011
142926506
428721857
56616628
950324418
428721857
633524497
963434213
491567762
786946022
627884504
56616628
56616628
486899092
660005252
102966227
150298536
627884504
698493987
7746137
138688452
483506718
142926506
325866580
483506718
136143518
941645732
496934616
661499786
136143518
601984884
496934616
496934616
496934616
43618891
232020014
232020014
745511540
154147552
154147552
317187304
737237614
859405155
556225947
43618891
938002224
206593767
692198654
938002224
533374924
737237614
556225947
174124447
692198654
938002224
241832055
260376633
967019055
423027001
923989851
423027001
76202307
556225947
423027001
533374924
892179339
76202307
148672911
76202307
76202307
174124447
135489290
570180362
849658397
135489290
570180362
107079624
753441960
753441960
438574163
892836424
107079624
438574163
657590651
231110593
844043424
76202307
256417143
892836424
245504854
753441960
877763011
753441960
570180362
251127978
455529599
844043424
562218509
550974200
824749952
31637672
151458726
251127978
322370605
322370605
151458726
550974200
992804907
47123160
150001843
251127978
668344647
668344647
824749952
251127978
871560482
612281822
612281822
790959348
668344647
108514214
829845656
541751402
790959348
612281822
276985801
64149723
397944610
64149723
216816904
64149723
917044842
216816904
649890813
248147857
177949970
5054354
790959348
577484094
210543326
291115208
177949970
577484094
577484094
520466499
520466499
452065410
216816904
961735558
156233009
334469820
798919180
156233009
798919180
156233009
483379720
680355365
629622707
483379720
810277678
119106507
495121474
495121474
810277678
495121474
103935241
156233009
103935241
151121404
637963786
862761806
597159511
574064328
88370186
474307854
443868917
678273913
687930671
587220877
308185607
103935241
33211070
198849946
103935241
308185607
687930671
810277678
911461446
809026245
623378875
623378875
273638913
88370186
965091209
911461446
401291948
716147116
401291948
623378875
243690782
60450412
538737776
60450412
202008582
538737776
137193525
916390427
575776989
243690782
916390427
706462
716147116
504770493
366235189
916390427
504770493
504770493
137193525
453307472
295739358
370522676
253510255
308185607
253510255
453307472
590624793
162766849
835928116
57144212
797238484
162766849
797238484
365238098
675768153
590624793
650842447
133364363
133364363
798689222
706462
541809762
133364363
680370834
327367392
670216562
487105351
934684391
52860398
664179666
826171670
664179666
52860398
680370834
432171373
327367392
510590138
510590138
593048067
162766849
487369634
360606045
360606045
945512834
41887508
587069577
587069577
709100666
759424673
551561661
645901734
759424673
93210087
759424673
992838723
960108215
790008854
243685782
555785223
799752278
678747085
236188769
714753873
784535293
819041374
714753873
714753873
606488415
551561661
992838723
662026328
332634342
784535293
231555307
7197039
251450158
251450158
622530426
101100639
622530426
784535293
24036608
796572671
269148117
12503557
68996690
7197039
68996690
251450158
136005268
60532124
76833407
60532124
76833407
995659605
185394722
897154934
944771250
76833407
961367629
48770811
48770811
48770811
565531106
934353094
855829190
565531106
785143716
48770811
48770811
361694023
48770811
396727761
565531106
949801514
242144649
949801514
321027587
166491710
598930002
166491710
396727761
393711211
807502614
622787731
173215149
104799624
321027587
785143716
622787731
653759130
980444844
622787731
858773020
321027587
505762851
505762851
845005121
277117005
116926011
9067394
29549537
116926011
777886466
111707825
116926011
9067394
9067394
267451468
980444844
111707825
390557937
51344586
287464257
607956594
814815732
287464257
505762851
161585390
47876434
621942625
763417702
683136096
621942625
344040797
683136096
994320079
167793033
167793033
174309812
167793033
3884109
607956594
174309812
267451468
344040797
853054508
29549537
853054508
157923996
48436653
595436358
853054508
719491337
841674688
369194591
660666162
841674688
595436358
650837171
650837171
660666162
888645046
565688694
775977145
259511398
867149896
380233838
172433428
634024440
172433428
486872415
259511398
994320079
918540119
648672787
284792614
380233838
518956163
608203197
608203197
695495214
485664964
195060090
693696167
485664964
944906303
944906303
944906303
499908666
736690457
24774597
485664964
499908666
380233838
815199157
24774597
736690457
207392195
653753053
244261865
695495214
372219639
268978840
254607222
254607222
97426237
682051451
254607222
607280483
120047479
857869340
432678988
432678988
539307412
578131506
563645469
199715148
390369959
390369959
769829097
769829097
818530313
552797390
552797390
37655638
129964994
262723936
30496287
262723936
248298480
653302193
897703684
863988297
300607360
560410760
726379785
560410760
45524788
45524788
575201362
275767585
45524788
608440978
295281755
897703684
533832879
533832879
505785562
600824008
265597038
429740114
295281755
575201362
505785562
253018398
533832879
462384450
722747533
231412466
236002636
424792080
231412466
615858864
175887997
551950721
63064550
915395807
165588318
551950721
551950721
389167099
265597038
76110738
526749145
587479552
587479552
424792080
389167099
587479552
389167099
396178800
526749145
389167099
237386952
585591181
356456467
417738732
101896558
328124108
426621103
323149349
93176533
93176533
51366475
93176533
424792080
93176533
51366475
622459820
490482614
622459820
781024061
890947064
93176533
890947064
356456467
180082431
622459820
490482614
308597904
920877720
239623213
239623213
237386952
359221504
287651482
657667443
81883015
149481731
846043144
119470255
338510489
81883015
342399463
72031485
528663331
528663331
702408196
702408196
499275795
499275795
335122885
335122885
835512319
941101167
103008714
273591203
72031485
276549399
103008714
625197743
31335865
607223051
625197743
315936010
612008792
557923303
672891622
223306665
153743937
502699801
672891622
974623714
755333149
974623714
932634453
510180554
772048310
155197071
932634453
510180554
31335865
20192162
277512372
755333149
772048310
616269855
283502004
20192162
911337512
655163433
655163433
778916041
911337512
772048310
778916041
48575834
313198270
657710967
226407583
872538076
186057220
695962275
223306665
695962275
872538076
695962275
872538076
980297390
185834150
310826547
601534511
840390753
310826547
583084720
547510990
547510990
957521992
815297554
815297554
712359426
97869187
953699830
276481850
712359426
222474948
61748650
222474948
432996543
815297554
547510990
378155629
454949345
712359426
190628683
954507016
331426998
