50 522
37 21
41 10
18 2
10 14
15 7
4 26
28 21
16 26
35 34
6 32
12 7
8 47
40 21
44 34
33 35
25 47
25 18
43 16
5 11
33 4
28 17
14 39
21 19
44 35
36 18
31 24
40 20
46 19
50 29
13 42
16 35
11 22
23 47
28 12
50 21
45 39
29 47
18 17
41 47
1 35
23 19
11 21
4 44
4 39
48 11
46 43
26 47
29 18
9 13
22 29
9 31
20 19
45 47
43 50
10 45
17 47
7 29
27 10
7 35
5 24
23 31
23 42
41 27
42 26
23 3
10 17
34 18
1 45
21 45
25 21
11 18
2 19
20 8
16 3
38 30
29 14
22 10
18 19
19 39
23 30
25 31
28 14
33 32
15 12
7 2
17 2
6 17
38 18
42 37
4 13
5 37
48 45
16 37
36 32
13 17
40 11
41 39
28 11
16 13
32 13
3 34
31 26
19 47
5 21
23 36
36 25
49 22
38 47
4 38
27 50
23 45
38 25
7 22
8 18
21 2
37 14
4 30
27 25
9 11
43 9
50 1
37 19
2 47
6 44
42 18
11 31
12 37
33 45
5 9
4 11
29 8
28 30
6 16
6 7
12 21
29 17
5 20
28 9
49 9
35 39
42 39
31 45
48 27
4 36
26 14
32 29
31 18
6 40
9 18
49 37
30 31
30 24
36 21
32 31
20 25
34 14
40 1
41 46
11 26
43 3
12 31
16 32
22 44
35 31
42 24
33 50
22 47
23 24
27 31
7 34
22 14
12 36
16 42
3 24
43 49
47 39
48 1
27 45
5 4
18 45
32 47
28 8
13 18
27 19
35 18
42 29
38 29
33 26
3 10
9 30
33 9
9 29
38 2
6 25
41 9
41 43
29 34
15 50
4 19
28 7
3 26
38 19
31 39
43 8
13 47
25 2
38 21
4 1
40 42
25 34
35 21
15 30
15 20
16 14
13 39
31 42
1 26
7 21
40 29
6 27
1 32
36 34
7 26
30 26
3 47
12 26
13 37
1 47
20 29
25 42
15 21
10 31
6 37
38 42
22 25
44 21
17 14
13 29
27 36
33 20
43 29
38 14
10 39
12 9
49 13
27 35
41 2
21 39
27 30
12 19
41 37
36 29
6 28
8 21
3 20
33 29
24 19
45 14
25 24
40 12
17 19
3 11
40 4
28 2
27 17
37 39
18 39
6 15
20 26
5 1
26 2
31 47
48 28
37 17
12 22
45 2
10 19
32 37
4 8
50 45
50 19
36 10
5 28
16 36
5 32
12 18
50 35
49 10
28 29
10 24
44 18
1 21
31 34
36 24
42 47
33 30
9 35
22 42
6 31
43 39
23 14
35 37
29 39
33 24
43 30
21 17
23 13
13 45
35 19
10 44
26 24
38 36
27 37
34 24
29 45
12 44
25 35
31 8
6 48
30 29
10 2
20 32
6 19
48 26
25 19
40 32
3 25
46 30
27 12
6 42
35 14
37 29
46 16
20 35
8 2
15 18
37 8
15 42
41 31
27 20
24 39
12 29
29 24
11 1
23 34
50 47
10 18
37 34
7 14
40 19
41 16
8 14
50 14
44 45
30 25
20 21
6 18
44 31
38 32
44 17
3 17
4 25
29 2
4 7
20 36
6 8
29 21
5 14
41 45
3 8
20 31
40 10
15 22
1 36
16 23
33 11
16 31
27 24
35 42
33 1
37 47
23 32
42 17
44 37
29 26
8 17
30 37
26 8
9 26
36 2
3 50
32 17
5 35
31 19
11 35
2 39
8 39
48 19
45 19
26 21
11 36
25 13
20 17
49 42
6 47
37 2
3 4
32 34
15 14
50 22
5 18
49 12
42 34
6 46
32 14
40 2
46 11
4 47
43 13
18 21
29 19
49 25
13 8
50 10
13 14
50 18
41 29
48 10
42 21
43 47
7 32
48 46
3 29
43 38
35 17
50 44
21 14
32 2
5 7
40 35
24 47
24 21
13 21
46 18
32 19
50 17
19 14
14 47
21 47
11 14
32 42
12 32
1 42
4 14
12 45
11 45
43 45
11 39
15 3
33 16
43 5
6 49
6 11
35 29
2 14
6 13
12 24
9 21
43 17
17 39
42 2
34 26
3 18
25 29
10 25
17 45
9 22
15 45
12 47
44 26
24 18
5 34
33 44
26 45
49 29
3 2
12 20
36 19
37 18
26 39
13 26
1 25
7 19
5 40
28 50
15 23
41 30
48 20
44 24
22 2
32 22
49 28
18 47
22 24
30 13
32 10
27 33
1 19
36 42
44 42
38 39
49 23
16 21
23 4
48 34
34 17
25 8
33 13
1 37
33 3
30 21
10 13
92
36 369778530
40 195756904
2 326772901
36 242959695
12 868129986
27 85728917
41 150218830
2 404360082
50 83749247
44 760737633
44 505032001
19 988720023
27 228542720
16 895939090
3 150123993
5 866749283
50 440670143
33 50984693
18 535298876
7 954729894
30 947999620
39 805676698
1 29696361
49 41431063
22 204577840
41 243063225
3 763346803
46 626887239
34 274715853
17 55503014
25 762739056
9 200849526
17 580716729
46 554561614
26 137741774
27 29207076
32 866761116
35 920648817
46 770355679
49 751512303
26 554321673
24 271341937
45 837062584
16 6610333
41 62107032
44 779074633
5 555001143
33 255389820
1 549785702
26 898106442
36 207512666
37 325373912
17 345500987
47 880939661
36 243244683
46 89318688
38 145156588
4 119724853
8 57006105
5 563790925
50 682805501
2 665823857
23 19207761
3 678202441
44 620508247
8 353328102
44 720474218
11 522082641
20 189304417
31 964780825
35 365040374
35 678855474
49 515256892
7 785551206
42 421452599
39 991793443
4 542108721
11 483335079
44 63636850
18 388238406
24 986611394
30 729677413
10 634794695
2 724461325
40 272791182
12 68731824
50 541025542
21 607687214
19 245115443
32 75650971
41 28622068
44 986439122
