93 3946
59 1
33 78
2 26
7 77
7 35
41 44
33 70
16 46
68 4
2 23
9 20
93 50
87 4
62 88
11 73
34 93
52 9
69 78
66 1
91 81
92 37
9 27
68 93
47 51
93 59
47 64
75 28
21 26
87 83
47 32
81 1
71 66
88 58
39 9
15 54
87 53
73 54
12 28
44 49
66 58
70 28
41 32
52 65
21 88
36 91
92 91
10 26
34 45
13 27
71 27
35 15
42 61
2 73
58 57
88 32
79 50
30 81
30 85
40 28
23 91
67 58
43 56
33 42
60 46
11 47
59 5
82 79
69 26
21 44
34 48
16 78
24 68
12 10
82 20
89 14
75 50
12 31
38 32
51 56
91 77
60 53
77 78
63 59
60 76
13 87
46 58
49 5
36 88
26 64
69 88
24 91
63 27
13 92
93 38
25 80
33 65
77 54
72 35
88 28
14 12
89 46
46 28
71 46
7 38
93 45
23 58
62 78
26 46
90 27
2 45
52 64
70 38
33 20
14 27
23 27
59 22
47 18
50 15
14 61
89 41
60 68
52 92
87 91
92 12
16 83
16 26
9 15
92 14
34 30
37 49
10 80
88 74
65 10
64 58
17 93
14 93
12 35
60 10
25 56
68 20
23 10
89 83
19 20
16 77
75 85
73 38
3 85
90 50
47 76
36 15
17 27
62 33
34 67
4 50
70 50
14 59
65 93
68 67
57 32
22 77
33 50
59 67
13 49
40 19
89 33
48 32
36 51
43 53
53 31
9 83
22 20
23 30
29 3
14 64
33 35
49 74
91 20
40 3
55 67
2 55
71 14
34 31
35 31
7 54
72 5
26 57
84 76
79 47
52 3
50 5
63 19
13 10
91 47
60 82
7 20
24 54
7 15
16 34
9 5
71 83
75 31
63 31
69 57
79 81
82 34
80 53
16 72
83 32
75 1
11 81
63 39
14 23
90 61
43 5
14 55
66 49
93 35
89 15
26 45
62 83
70 85
88 85
71 43
49 32
12 49
6 56
56 44
53 38
43 85
79 14
33 59
70 20
44 83
47 28
86 84
62 61
67 15
24 92
26 84
19 22
90 81
64 8
29 26
45 31
62 68
46 5
19 51
93 8
82 17
21 47
7 81
4 51
33 69
11 22
33 2
48 20
88 15
71 77
60 48
92 18
60 41
36 19
4 27
91 85
39 67
3 41
17 9
79 38
36 30
90 30
45 32
9 43
47 81
65 42
82 8
16 57
66 31
16 45
63 58
20 32
20 54
64 48
17 88
7 83
88 26
93 55
1 85
60 18
52 68
85 31
82 10
15 49
4 56
10 31
68 31
51 83
50 84
3 42
24 43
92 53
29 79
52 41
79 46
12 30
34 38
63 37
60 61
4 22
89 90
30 50
62 90
40 21
81 45
69 54
75 17
69 36
11 62
89 66
24 19
90 20
92 79
84 45
78 57
9 78
2 15
79 75
21 43
17 72
82 89
24 16
30 5
59 35
75 88
15 58
50 76
29 32
43 38
82 71
91 64
8 49
13 23
16 70
88 42
71 78
16 14
63 2
89 57
91 4
1 54
65 32
33 53
73 37
21 28
46 42
21 57
71 80
6 51
80 31
23 8
87 90
52 38
1 53
8 15
18 37
6 57
69 38
81 86
84 15
14 84
19 74
18 42
24 5
42 20
1 20
11 79
75 15
63 47
66 54
44 42
83 31
88 30
52 36
75 61
20 38
90 38
53 83
29 1
51 45
73 43
29 7
39 91
71 69
47 20
9 6
40 81
63 70
86 28
26 20
10 5
9 44
21 2
85 76
30 58
66 8
49 27
2 5
2 47
71 85
16 58
81 85
89 18
81 42
23 18
28 56
40 13
89 28
62 7
92 7
12 53
18 5
59 49
39 5
65 47
24 64
30 6
79 36
47 61
14 20
40 77
30 46
60 27
73 22
43 83
72 28
11 27
11 48
45 85
87 27
30 47
1 38
68 72
73 1
11 45
35 53
4 8
73 53
69 61
91 6
62 74
75 4
29 71
69 34
82 84
72 42
80 77
28 20
36 41
46 76
69 35
22 45
47 38
39 81
65 50
10 47
33 64
25 27
59 26
50 46
17 18
82 14
43 86
70 77
82 12
55 50
16 71
19 31
78 27
17 42
62 19
13 33
89 3
87 73
92 35
87 85
93 58
74 76
62 32
92 15
61 54
23 74
24 58
23 64
40 82
17 28
70 19
7 72
16 79
30 38
63 91
2 67
3 66
88 35
75 45
12 84
7 48
6 78
34 10
12 6
3 20
16 52
63 56
60 16
91 76
59 18
41 8
47 85
52 8
64 15
37 8
21 55
36 67
69 91
33 44
30 83
13 32
24 55
29 87
90 77
63 32
79 15
79 61
93 57
52 84
7 64
16 76
34 19
67 20
22 46
60 80
38 31
29 82
65 41
39 26
2 28
55 42
23 7
59 47
87 49
25 84
16 93
18 76
48 83
52 61
90 8
78 45
10 78
17 51
2 38
56 58
2 80
46 83
11 40
19 38
48 44
17 47
66 78
39 88
52 28
39 61
55 85
60 67
41 46
68 78
17 15
10 35
87 20
68 7
9 85
82 30
57 31
11 76
43 41
89 61
78 32
21 87
18 45
2 4
1 61
71 39
91 66
26 86
9 50
86 48
79 45
14 31
2 88
40 33
10 81
2 56
21 38
62 81
79 78
7 1
66 42
77 38
88 56
89 9
29 64
52 39
68 86
25 20
24 13
87 15
36 48
71 44
60 9
89 74
73 35
45 83
62 2
87 46
21 10
38 74
24 23
3 55
17 57
43 66
58 20
71 7
91 61
3 46
29 6
65 8
4 64
63 5
79 58
85 27
75 48
21 61
63 84
59 32
64 54
25 38
71 81
36 53
65 12
34 84
61 76
90 18
84 32
62 76
62 48
21 77
10 83
30 8
63 10
39 90
82 68
41 48
88 93
71 35
91 51
29 22
69 80
81 32
16 22
4 30
79 70
7 18
70 59
34 18
79 33
24 44
30 64
55 83
50 78
73 81
3 37
21 84
89 65
23 34
90 59
11 88
26 38
68 81
47 6
11 80
45 5
10 1
47 8
18 57
47 37
25 72
75 69
43 37
81 49
55 48
37 64
70 61
23 51
65 56
23 65
10 67
39 22
7 6
75 86
79 8
14 15
16 30
13 55
79 23
15 31
12 4
4 57
41 84
51 15
21 78
73 15
59 19
68 42
63 21
36 93
53 76
59 64
23 43
28 76
41 76
93 74
68 14
2 27
56 83
85 32
55 74
69 20
81 44
18 38
64 45
14 5
84 56
12 47
45 74
23 35
91 31
6 38
22 76
60 38
46 53
37 45
15 57
17 53
91 86
63 8
10 55
30 78
29 72
41 5
59 81
63 4
14 76
62 9
3 8
86 61
68 79
25 46
36 81
4 58
22 84
75 65
62 92
55 27
23 80
81 55
67 50
17 41
34 85
29 13
68 69
18 35
39 85
9 81
61 57
45 57
79 30
24 35
6 54
64 76
82 61
40 78
92 19
86 27
42 57
41 64
7 26
33 66
72 49
24 38
63 71
77 20
17 34
16 51
88 80
16 49
75 39
19 57
17 59
50 28
87 34
65 55
2 76
37 42
51 44
39 49
3 74
33 30
8 85
12 41
21 83
24 78
69 6
88 81
19 1
64 20
33 28
29 34
87 19
30 1
17 58
12 44
52 25
60 36
44 58
2 53
75 30
9 19
89 72
41 57
24 84
93 18
59 56
34 49
91 46
7 25
66 27
62 75
52 47
46 20
34 1
69 51
7 43
39 34
70 65
7 78
92 41
90 10
82 41
11 25
2 74
26 27
34 54
9 38
75 27
14 1
17 46
26 53
69 19
40 71
34 22
70 84
33 84
65 34
51 78
92 21
36 26
33 23
86 15
84 8
90 7
63 88
64 85
24 40
1 49
75 12
93 37
66 57
57 38
79 28
64 49
4 18
69 27
11 1
34 47
37 41
90 54
52 58
75 18
3 32
18 26
1 45
79 18
14 10
92 59
6 64
37 86
79 59
71 8
39 36
90 47
89 44
93 27
10 46
68 76
24 34
15 5
47 50
44 85
70 44
81 67
29 45
53 32
11 90
4 38
2 18
16 9
62 1
77 83
75 34
71 84
17 50
26 48
82 35
6 50
33 22
6 66
65 30
24 10
52 50
81 56
37 31
22 31
17 30
60 1
13 45
78 49
93 15
17 83
87 45
60 4
63 35
87 6
91 18
52 78
16 3
68 80
17 36
72 77
11 87
63 49
64 74
41 27
22 67
68 10
14 67
65 74
92 71
93 72
73 77
35 5
50 20
70 73
26 74
82 91
25 48
77 56
72 81
11 42
62 5
92 44
71 65
7 66
56 54
17 76
1 48
62 67
14 51
33 85
11 92
4 74
19 85
20 76
61 74
23 78
19 58
13 36
71 72
13 70
25 43
15 76
17 10
81 46
46 44
6 84
60 50
65 4
52 86
90 49
17 45
35 67
63 22
1 64
80 44
26 5
68 27
57 54
62 73
71 45
49 76
92 76
18 48
92 73
24 47
30 56
88 49
40 67
80 51
78 76
79 54
48 85
19 78
29 28
22 27
59 38
8 56
76 31
47 49
70 26
64 46
90 74
26 49
64 27
89 12
35 58
36 32
67 76
2 7
4 37
24 42
40 87
40 4
25 28
42 31
86 53
82 88
43 76
11 16
13 69
91 1
21 31
17 37
50 56
11 30
13 2
30 32
34 25
10 19
34 74
69 12
51 58
63 28
91 30
62 3
59 78
72 1
51 38
37 54
41 15
1 86
34 76
68 30
10 59
22 85
72 48
89 38
36 77
14 69
89 7
69 66
39 42
30 66
59 86
87 8
79 34
36 74
37 1
91 84
35 27
11 18
11 19
62 36
21 8
53 61
41 78
93 3
45 27
87 56
7 46
55 53
63 57
86 8
24 37
68 84
14 42
48 15
28 32
18 56
87 37
58 76
9 58
26 44
91 12
68 85
64 32
71 25
4 26
72 41
52 77
16 44
62 8
80 78
77 45
21 15
33 27
69 53
26 8
40 15
74 32
16 75
87 58
13 50
47 27
25 37
55 44
3 53
43 44
63 50
23 53
52 5
81 74
60 22
12 46
36 6
63 14
47 26
40 68
82 53
92 61
9 48
14 19
35 1
87 23
28 48
68 77
90 45
51 86
20 5
43 32
65 83
72 6
40 57
79 90
79 73
37 83
72 47
24 51
71 64
71 4
69 9
13 72
68 59
18 20
17 21
62 15
43 26
60 12
43 46
26 55
30 57
73 42
68 70
92 31
13 21
25 64
14 3
69 72
10 8
2 19
2 37
81 61
89 86
77 42
86 74
24 50
7 61
90 80
34 4
37 27
52 63
71 55
73 41
70 1
13 12
21 23
4 43
22 53
10 66
14 75
39 76
75 58
34 7
37 57
52 87
33 51
91 73
80 28
70 35
71 5
25 35
91 56
15 27
52 37
17 32
4 46
48 31
87 76
63 33
91 25
34 27
24 33
2 93
25 26
87 5
70 72
14 38
65 77
81 77
69 3
11 83
13 3
88 78
68 57
28 78
63 92
39 74
89 42
61 27
11 39
73 72
45 15
73 57
52 45
22 43
81 54
81 31
52 4
2 12
33 61
69 46
7 37
10 44
14 72
30 59
41 85
72 54
68 53
46 77
77 31
87 84
65 66
10 37
34 20
22 48
9 59
66 77
43 49
3 28
68 58
70 93
8 76
78 42
88 90
93 32
36 66
1 77
89 75
75 21
14 87
34 43
25 54
8 83
10 49
89 80
40 22
10 57
28 83
33 87
25 55
79 69
64 50
93 10
75 3
13 15
79 84
17 31
47 55
82 86
79 26
48 53
79 76
92 89
40 59
47 46
23 72
23 42
82 19
91 93
89 53
52 15
59 66
64 56
60 23
71 76
77 8
77 76
2 65
28 85
30 51
88 83
41 61
29 68
29 24
25 31
59 27
11 66
39 65
88 46
43 8
36 76
14 22
14 28
93 5
86 78
6 83
71 19
18 74
49 58
73 25
41 28
36 5
19 64
86 76
80 26
47 5
51 50
5 27
35 32
62 56
93 51
6 55
53 8
71 67
3 5
63 86
45 56
51 8
12 55
72 76
62 93
72 3
59 41
86 54
68 55
11 4
28 5
4 19
81 84
72 83
82 9
1 58
90 86
30 54
73 45
71 12
21 74
63 18
35 86
64 53
23 66
69 81
12 80
39 27
11 50
68 22
16 20
23 1
33 81
68 17
40 83
88 31
42 58
36 84
55 58
40 42
9 41
39 53
29 51
35 76
80 66
10 72
65 22
89 68
18 64
44 31
74 31
9 66
33 41
72 45
68 48
12 22
13 28
88 72
55 76
70 10
16 67
6 77
41 54
9 61
56 27
92 4
73 74
22 35
14 36
73 78
19 43
9 88
1 32
92 83
77 27
21 6
87 57
88 65
10 76
63 34
1 57
73 20
78 53
18 77
24 56
26 56
36 46
84 85
39 58
56 42
9 77
29 19
34 72
55 28
85 54
7 59
3 67
2 59
26 78
71 86
5 76
75 53
17 74
3 44
17 85
11 15
68 54
17 19
62 86
89 37
89 30
34 32
82 23
83 76
52 48
40 93
68 74
30 42
17 78
59 48
18 67
53 20
3 48
66 84
89 23
89 69
30 53
69 58
73 93
47 42
1 78
39 28
59 28
89 25
4 59
49 83
90 83
10 27
52 53
92 90
40 6
40 51
2 31
52 43
93 54
7 51
82 55
93 77
72 37
53 56
21 19
36 83
93 47
76 32
79 49
33 93
25 44
17 23
55 77
72 20
30 15
60 49
24 28
68 34
75 43
6 8
25 8
21 64
9 51
79 91
24 45
10 3
29 56
40 5
7 3
81 58
66 41
92 48
33 7
46 8
87 41
24 12
26 42
12 81
16 17
19 49
67 27
17 1
68 28
87 30
76 54
62 34
25 47
71 41
17 69
67 85
80 38
40 20
89 78
34 51
14 46
42 5
49 57
1 56
35 49
91 27
81 51
24 1
54 32
36 86
23 22
69 31
39 45
72 51
82 2
67 83
26 61
86 38
25 51
2 64
6 31
80 85
17 90
89 67
82 37
53 85
71 68
34 37
89 70
91 5
9 76
11 64
40 30
26 77
24 4
60 63
10 61
13 57
24 20
39 8
82 42
22 55
91 43
40 58
65 45
39 19
79 51
33 56
62 87
62 21
29 91
66 44
39 18
89 93
75 73
88 4
82 56
92 33
19 55
93 83
66 53
24 80
37 46
86 83
14 74
29 14
30 55
51 32
79 64
77 15
7 31
2 49
78 61
3 43
62 27
13 64
1 74
68 21
29 57
10 53
11 57
28 49
88 12
63 83
52 93
63 80
63 77
37 38
35 38
75 32
61 32
17 38
79 88
88 76
75 87
77 85
24 75
88 18
72 61
25 67
62 28
2 1
51 74
89 48
55 45
73 12
15 44
25 78
79 87
18 54
78 54
88 38
70 83
60 65
18 58
50 61
60 87
60 24
83 5
60 19
82 44
33 14
93 67
70 88
30 20
23 81
24 25
48 38
6 20
86 42
66 50
58 54
13 38
43 1
33 31
24 30
48 5
79 19
92 80
36 64
64 78
50 85
71 38
55 84
46 86
69 15
47 74
29 40
71 88
88 55
17 70
4 67
24 71
18 84
47 22
89 39
45 42
17 61
40 9
17 77
21 46
72 64
59 54
75 55
43 27
4 35
63 20
79 86
58 83
43 74
30 48
42 49
11 5
52 70
34 58
12 78
29 89
39 10
24 2
2 81
63 55
52 26
70 55
25 49
58 32
72 22
62 13
46 27
68 37
33 88
67 49
65 86
41 67
82 81
4 5
64 38
10 41
84 57
15 74
82 27
45 54
88 50
40 16
22 49
19 76
92 20
55 15
81 5
52 49
41 31
68 32
62 40
82 31
7 57
18 85
29 80
37 5
65 31
17 49
2 54
80 64
16 8
65 51
51 27
13 20
77 48
59 45
67 38
41 50
14 32
25 5
60 77
93 26
1 15
82 73
52 67
89 4
3 38
78 8
6 61
36 44
18 44
44 54
69 42
16 18
46 78
91 3
73 5
16 59
64 61
19 80
75 42
80 48
70 76
70 9
69 85
53 49
9 67
73 48
40 65
23 20
21 34
65 15
38 5
2 78
29 41
91 37
40 85
91 50
40 37
52 76
33 48
60 59
6 18
67 74
2 69
18 66
12 66
52 23
90 32
92 65
29 46
82 28
3 57
17 73
58 5
80 45
13 90
34 81
68 50
79 25
70 66
87 78
11 28
53 58
77 74
69 10
65 49
65 84
84 58
46 31
72 74
62 44
90 12
87 9
65 64
63 64
75 46
88 77
23 49
30 44
19 42
81 66
40 56
9 84
23 83
79 74
92 81
90 64
92 84
39 44
73 32
88 86
65 25
37 78
21 54
12 1
8 27
51 64
16 64
44 5
36 61
26 31
92 39
46 61
47 57
11 52
4 55
72 19
25 74
75 64
19 47
70 15
63 43
36 80
73 30
29 4
13 54
91 58
12 38
42 27
87 55
82 6
23 38
58 27
52 74
14 9
68 44
79 93
30 72
92 74
23 44
3 86
71 33
89 8
68 12
59 8
29 2
82 13
21 5
40 25
40 84
1 83
82 74
66 20
29 67
69 93
10 45
56 74
82 80
15 61
10 38
89 88
47 53
33 3
6 76
59 76
51 5
11 20
29 5
93 22
36 18
60 40
86 20
70 37
36 72
93 53
23 61
11 55
90 72
67 8
92 57
86 44
89 77
18 49
90 34
43 55
60 89
91 83
87 26
80 35
55 41
17 3
89 50
69 37
92 70
70 18
16 5
73 34
63 61
64 84
63 12
66 83
90 5
52 7
93 41
12 93
90 46
46 56
29 10
46 48
60 11
79 77
50 58
90 58
14 4
57 5
29 47
92 22
12 57
6 27
52 90
65 27
59 6
89 85
4 45
22 28
40 35
52 14
29 55
69 64
23 12
79 31
10 48
25 3
69 22
88 34
24 46
18 78
24 65
11 67
1 84
16 85
29 61
72 26
19 32
37 51
73 84
26 85
2 58
13 44
33 38
60 17
62 82
22 38
80 58
10 84
89 10
62 43
3 81
78 85
4 80
3 6
56 85
28 44
33 39
67 86
93 61
22 37
11 21
6 5
42 85
21 90
80 41
29 54
67 44
86 49
29 30
82 83
61 58
84 61
21 39
78 20
6 81
26 41
41 53
82 46
43 45
88 7
6 28
7 44
22 86
82 18
17 7
14 39
28 27
71 79
18 31
7 49
62 41
63 81
80 3
10 6
28 38
89 26
36 38
88 59
62 25
85 5
33 36
88 45
40 50
21 69
30 61
81 26
80 55
12 37
88 5
59 61
81 20
82 76
19 37
2 30
9 74
56 57
68 61
51 53
75 38
43 54
36 1
36 22
16 32
10 86
93 1
14 18
89 73
78 38
51 57
25 76
89 87
68 56
37 26
60 13
17 48
63 48
60 25
13 65
60 15
93 49
36 42
25 19
11 65
40 44
72 8
68 39
12 83
62 84
63 45
68 46
64 67
69 65
64 86
79 5
93 31
79 37
29 27
29 88
11 23
3 64
86 5
9 42
30 86
69 47
6 26
3 22
45 44
78 58
47 58
7 50
70 31
41 45
74 54
92 42
4 83
82 92
24 76
2 51
72 53
88 22
48 74
13 37
35 50
7 32
16 73
75 72
11 7
63 41
26 50
91 45
82 70
35 45
71 47
51 1
43 78
71 17
51 84
16 87
3 50
59 43
83 27
59 58
89 51
67 28
56 49
91 57
24 85
22 74
31 32
73 27
88 25
16 43
46 74
92 9
74 27
3 77
38 85
92 87
25 18
82 47
43 48
19 81
79 3
67 84
28 61
15 20
80 54
67 77
33 58
55 49
21 86
18 43
57 74
1 42
3 78
80 15
8 32
56 5
33 19
60 2
17 80
77 58
82 3
8 61
25 32
39 3
23 15
51 85
80 56
47 43
55 57
65 5
21 22
14 77
90 19
47 44
79 57
29 84
52 59
9 10
40 80
29 20
89 76
59 51
43 28
30 22
24 63
34 59
33 18
9 23
72 86
40 89
52 31
30 26
25 66
3 26
68 83
24 67
21 27
33 1
63 42
49 54
37 35
21 20
6 46
4 28
88 73
13 93
21 93
72 43
60 3
37 44
87 7
59 55
68 33
52 55
6 58
92 85
21 45
70 36
17 12
60 30
71 50
35 54
92 69
29 86
18 86
42 32
37 50
50 38
9 1
9 90
47 56
60 7
4 20
33 32
50 27
60 78
71 9
66 32
68 35
86 56
5 31
61 49
21 32
22 42
66 61
70 56
93 6
23 85
13 4
81 76
65 3
73 51
63 9
67 54
82 75
70 51
29 42
35 66
11 72
60 51
23 41
16 91
90 67
55 56
60 44
92 54
92 46
21 91
60 62
66 64
21 85
91 15
30 80
16 42
12 43
52 42
21 36
68 88
9 32
50 49
24 74
81 78
13 77
66 48
18 50
26 51
11 54
28 74
17 2
17 65
80 32
62 59
23 19
9 35
75 41
71 26
82 51
2 44
71 51
66 46
71 90
10 56
81 41
53 74
21 48
19 83
37 56
13 42
13 30
19 6
81 83
57 85
59 20
13 6
84 27
81 53
75 81
28 15
72 85
37 32
65 73
71 58
59 37
65 18
17 25
64 28
64 77
44 20
92 88
40 79
11 85
60 8
72 46
21 65
26 28
9 28
65 44
4 44
13 41
75 5
41 58
71 87
18 53
67 42
47 83
23 67
82 1
39 47
72 18
62 30
22 15
73 59
51 31
3 56
6 22
59 3
67 57
25 10
4 10
89 34
92 72
65 78
12 67
14 53
22 50
40 55
18 81
37 61
83 38
44 74
90 53
29 39
87 38
73 76
40 18
29 76
45 58
19 67
51 54
8 5
35 84
63 17
22 5
22 8
41 56
39 77
43 58
13 34
66 51
24 52
7 86
88 43
82 39
35 46
7 28
50 32
36 37
75 83
3 15
84 74
38 76
11 75
11 78
51 46
66 86
40 27
30 74
78 74
30 19
23 50
84 31
82 63
39 64
80 37
92 43
10 74
92 23
60 21
36 9
35 78
21 1
34 83
23 88
4 61
65 6
13 91
43 15
12 50
25 58
78 5
46 54
62 47
55 8
1 28
40 49
21 56
68 47
82 52
24 22
27 32
14 90
17 43
89 91
35 20
63 44
53 57
65 1
11 63
75 78
91 28
91 26
17 22
47 54
36 45
89 22
70 23
2 72
63 73
18 1
51 28
16 38
50 77
35 51
79 9
55 66
92 30
40 26
19 5
80 22
63 26
69 28
67 61
80 57
9 12
79 4
72 31
47 3
92 2
13 9
87 18
75 91
69 7
71 70
70 87
47 15
13 56
30 77
52 2
24 86
69 18
21 51
43 31
34 77
48 58
6 41
11 77
39 66
14 91
60 52
22 83
71 74
10 85
60 20
75 10
73 85
13 14
40 73
89 21
92 67
24 49
23 59
71 59
39 25
46 49
39 23
70 25
34 61
16 1
85 74
2 50
62 35
80 1
44 61
88 8
19 84
12 26
23 76
24 26
41 1
60 5
82 7
43 42
89 79
39 50
12 5
65 61
35 56
62 66
23 48
88 37
41 86
50 44
33 12
29 36
50 57
22 1
51 20
23 77
2 48
88 47
59 80
9 53
2 6
47 67
71 10
14 43
62 91
20 27
22 78
63 38
51 41
87 64
10 54
82 43
84 48
60 70
18 46
62 18
56 38
80 84
70 74
40 53
90 48
67 32
24 57
35 61
79 43
34 56
12 56
12 48
75 66
2 9
35 55
16 61
51 42
81 48
22 44
70 46
23 84
24 39
6 74
72 78
52 75
7 19
73 64
58 85
92 47
53 27
79 48
70 90
91 34
16 63
40 7
77 84
39 93
56 61
19 61
7 80
88 54
88 84
2 20
80 20
13 59
25 50
23 45
69 41
66 74
22 41
26 1
52 56
37 76
23 31
18 32
71 21
4 47
43 64
39 46
91 53
50 86
16 50
29 35
34 3
64 5
7 30
2 87
55 1
62 22
82 48
46 15
13 58
16 36
70 22
11 10
63 66
16 80
72 67
30 18
71 54
59 31
17 5
36 73
65 54
13 75
70 45
59 50
34 57
75 49
86 77
69 48
35 57
91 38
75 19
89 2
53 5
88 91
13 88
71 37
15 42
91 49
40 74
81 15
60 83
88 44
36 8
52 80
60 55
6 35
63 75
91 74
2 83
92 5
79 56
62 89
87 44
1 44
30 31
33 15
70 39
79 2
75 93
34 5
34 80
67 5
61 85
83 74
15 56
33 25
90 3
73 55
8 57
89 17
24 69
52 46
73 31
24 11
14 34
16 28
13 48
40 14
11 84
12 54
18 61
14 26
62 20
40 76
40 43
92 77
79 41
10 18
50 48
27 54
50 42
69 5
79 12
14 85
93 81
21 35
63 65
36 12
69 59
70 30
67 78
82 90
43 51
90 25
71 56
50 83
43 67
90 57
77 32
11 31
65 85
7 74
69 49
48 76
39 15
71 6
62 23
60 28
17 4
25 42
41 42
61 20
70 80
43 20
4 42
66 85
34 46
38 27
72 66
89 6
45 20
65 76
59 84
91 7
29 8
93 76
65 38
93 19
90 1
71 75
7 5
89 49
2 86
33 46
39 59
68 9
90 4
68 43
79 42
29 31
84 78
24 88
71 93
29 73
69 32
62 46
17 35
89 1
49 38
12 64
20 31
29 75
77 61
37 66
13 85
71 20
59 53
3 54
35 64
63 25
40 88
35 28
70 49
75 2
69 84
47 1
21 7
19 53
19 35
66 28
23 25
23 90
82 78
11 53
72 15
18 41
9 93
66 67
40 23
45 49
71 15
8 42
92 66
13 78
87 59
70 42
70 4
82 36
71 53
40 1
17 44
73 49
62 38
81 57
92 27
39 84
40 32
16 86
70 81
29 59
13 19
9 72
87 43
12 32
30 3
47 86
21 12
7 56
17 86
92 50
24 6
63 51
86 31
2 39
30 10
16 15
60 90
52 51
79 1
82 22
17 6
65 19
42 54
63 76
7 8
29 33
14 44
7 76
71 3
43 61
11 89
93 78
34 28
84 54
70 27
79 7
87 65
36 65
24 21
60 69
22 51
39 80
91 44
33 80
68 38
39 31
11 9
87 3
90 44
90 22
35 41
35 77
71 49
48 61
11 43
39 43
53 54
55 5
2 35
39 73
6 15
93 46
89 47
6 37
2 43
79 21
4 86
90 15
65 7
34 6
62 63
21 58
4 6
75 26
63 72
88 64
12 51
43 81
20 83
28 58
79 85
60 81
1 50
18 8
29 90
93 64
33 76
29 11
87 81
68 45
73 80
44 76
80 83
63 74
50 53
23 56
24 7
4 77
28 31
33 57
89 36
10 28
68 15
24 82
46 85
83 54
9 7
22 32
73 10
26 15
12 19
34 78
48 8
60 33
61 31
87 10
18 27
45 61
70 48
2 34
80 74
77 53
93 44
21 50
90 66
35 83
39 37
82 21
19 3
29 16
73 26
14 58
39 57
10 22
39 41
67 46
7 27
69 76
52 79
3 49
51 48
42 76
73 56
4 25
75 90
40 47
75 9
21 53
5 54
75 70
25 41
87 22
14 49
6 45
89 64
63 7
44 57
40 12
81 38
82 33
82 66
36 35
31 54
23 54
13 73
7 10
3 58
25 15
28 53
13 81
37 85
59 44
23 32
30 45
84 20
80 81
88 27
1 8
35 44
1 46
90 78
29 50
19 48
23 47
55 38
33 34
29 52
29 38
33 47
39 12
9 3
87 86
28 45
75 57
73 58
87 12
89 27
26 58
6 85
50 45
84 83
19 27
93 30
34 41
36 7
34 64
63 69
72 50
37 48
69 8
52 30
3 1
65 48
5 32
39 78
24 14
68 91
11 61
64 31
66 15
84 28
62 53
73 50
42 38
33 26
52 88
16 90
48 57
22 54
70 58
21 41
47 78
91 54
3 61
75 56
71 31
67 45
12 15
3 83
12 86
82 59
90 76
11 35
93 28
35 26
23 46
29 69
4 93
55 51
69 50
7 85
86 58
30 49
65 67
29 85
43 84
11 82
79 32
13 25
48 49
71 91
34 86
39 35
29 77
78 56
10 77
48 78
82 50
21 66
75 77
9 73
68 18
92 56
62 71
69 67
16 39
62 80
79 39
75 37
66 56
19 54
55 64
24 93
87 77
80 50
22 57
78 44
33 74
19 66
65 26
87 42
90 37
47 31
82 57
84 53
67 53
4 41
48 54
61 5
72 56
69 74
24 77
71 30
53 15
29 43
33 90
82 26
17 26
17 39
58 74
91 41
21 72
36 90
40 2
59 85
26 54
28 54
69 73
75 47
70 67
25 85
87 88
23 5
33 67
36 59
52 27
22 81
3 45
80 76
13 67
90 93
70 7
10 20
91 55
22 26
60 75
21 73
11 37
86 85
12 85
72 38
62 69
37 20
63 23
24 70
1 31
71 18
4 72
79 53
80 42
36 56
79 17
60 31
84 49
46 84
73 28
19 8
71 2
8 54
75 80
22 58
33 73
89 32
11 14
2 90
62 58
88 20
36 31
62 65
39 6
11 6
91 78
3 31
29 49
47 48
24 17
23 4
60 64
63 53
25 30
68 25
11 69
40 52
45 38
5 74
30 67
63 68
80 61
40 69
83 85
16 84
25 53
90 56
89 31
93 85
82 77
50 31
52 17
29 81
72 80
29 58
75 54
35 85
87 80
80 86
36 28
13 5
34 55
15 38
35 74
12 20
11 91
12 61
57 27
92 86
62 64
68 5
19 56
30 41
41 77
75 25
75 22
14 45
60 43
69 45
29 48
62 14
40 38
11 17
39 1
92 26
49 85
56 76
24 32
90 85
23 86
12 77
52 22
91 67
14 56
8 31
93 48
12 25
48 56
79 55
36 58
82 15
81 28
34 15
59 83
41 74
19 28
14 35
51 76
17 55
9 86
81 8
13 35
14 78
71 48
78 83
69 1
17 66
91 19
77 57
72 57
69 55
17 67
13 8
18 51
37 77
4 84
28 57
33 45
12 3
4 48
34 12
92 45
50 8
73 86
88 3
7 41
37 53
59 72
80 47
63 85
24 81
65 43
10 58
75 84
24 83
10 32
53 45
78 15
7 47
9 37
88 61
7 42
4 31
65 58
72 32
8 44
75 8
12 27
43 50
68 51
36 55
36 85
17 56
73 44
88 48
34 50
29 9
82 54
16 37
14 17
37 55
22 56
43 77
35 81
24 87
7 45
73 47
69 83
87 54
13 1
56 31
24 15
92 34
13 26
58 38
84 38
39 38
61 38
21 59
4 32
11 13
86 32
43 57
9 34
8 58
91 8
80 27
58 31
24 31
59 42
91 35
70 5
26 67
90 31
16 69
14 83
91 72
19 45
62 79
88 51
76 27
1 27
9 55
4 15
70 34
82 85
21 67
73 19
79 27
55 86
37 67
1 76
69 86
9 47
80 18
60 58
89 19
46 38
80 6
24 61
30 37
16 92
56 20
50 54
52 21
57 76
73 7
71 73
59 77
63 89
20 57
40 8
16 47
47 45
60 32
16 56
51 61
36 20
79 72
24 59
9 31
62 52
89 71
21 76
87 74
69 43
12 42
17 81
64 42
25 83
52 18
11 26
20 85
92 1
13 74
62 57
28 42
63 46
88 10
1 5
12 72
55 61
69 90
14 80
35 8
4 1
73 6
34 44
16 2
90 65
33 83
60 37
26 66
67 56
90 26
36 23
92 78
65 81
11 3
30 76
47 66
90 42
41 49
73 4
48 27
56 32
25 61
3 18
15 85
89 45
11 46
20 74
2 85
52 19
78 31
60 71
55 54
62 37
36 43
93 66
13 18
93 86
75 44
65 57
63 90
6 43
34 53
8 74
52 6
39 83
7 53
92 38
64 44
29 65
14 57
68 66
37 81
92 55
15 32
3 27
16 88
60 72
40 72
17 8
29 66
7 67
62 54
52 13
11 58
34 8
68 75
36 27
60 66
68 23
21 9
45 76
19 44
88 1
72 58
45 8
62 70
14 65
19 46
13 83
28 8
55 46
23 26
92 58
90 84
61 83
80 46
70 47
88 41
48 45
13 68
71 23
3 35
36 34
68 41
64 57
40 92
33 54
19 50
10 51
87 72
2 66
60 45
49 20
40 63
7 22
55 78
24 18
10 15
14 73
55 20
52 81
25 45
23 73
92 17
36 50
72 44
79 35
25 86
71 36
86 45
14 70
68 2
19 15
16 6
9 57
16 81
46 32
62 77
84 5
25 6
39 54
82 93
41 38
81 50
18 28
77 5
23 6
2 41
79 20
13 46
7 93
81 64
36 49
51 67
43 35
44 38
93 42
87 28
68 8
13 51
13 89
8 38
40 10
4 81
93 20
49 31
59 74
6 44
88 66
40 36
60 86
9 91
25 93
70 32
57 83
93 43
66 38
51 77
19 41
80 5
60 34
87 35
17 84
7 4
35 42
88 57
25 59
6 67
42 74
75 35
77 28
93 84
82 45
55 31
4 53
9 18
69 44
34 35
50 74
88 19
25 57
10 43
30 28
14 41
44 32
4 66
72 27
9 45
91 32
73 18
2 32
91 48
11 33
38 54
91 10
80 8
21 25
33 9
40 34
42 83
1 67
11 32
92 6
70 12
90 28
16 27
26 32
87 47
70 57
4 76
92 75
62 10
69 25
22 66
2 77
46 45
10 64
88 67
3 84
52 54
79 10
89 54
90 51
23 55
21 81
82 4
11 2
48 42
46 57
70 78
40 75
65 91
4 49
89 56
30 43
39 69
12 8
37 28
52 69
44 27
9 65
14 6
7 84
18 15
90 43
52 32
59 15
11 44
9 80
26 83
87 67
62 72
16 23
6 48
9 54
30 84
21 42
16 89
19 86
30 27
25 22
73 66
80 43
37 58
41 83
73 61
37 84
2 10
87 50
77 49
31 27
39 48
90 55
69 30
24 79
87 25
2 42
67 31
53 42
4 3
16 65
71 61
9 22
81 27
68 87
11 71
26 76
33 75
23 93
66 5
6 53
75 51
67 48
21 37
82 69
10 50
6 32
88 53
72 55
18 83
18 22
68 65
24 41
53 44
6 42
40 45
75 74
52 73
69 77
4 54
34 42
92 93
12 76
39 72
65 59
9 46
70 91
71 42
63 78
77 44
65 72
55 32
40 70
39 7
22 64
2 3
84 44
7 58
60 56
71 22
6 86
41 20
33 17
15 83
91 42
93 56
71 32
24 53
73 67
62 17
87 31
25 77
75 76
39 4
2 84
16 74
68 90
90 73
18 55
62 4
52 10
36 25
12 18
63 54
33 37
6 1
63 30
88 6
79 83
66 76
11 41
82 49
21 3
14 30
52 72
69 56
23 37
16 54
8 20
60 26
13 61
11 86
80 67
13 71
84 42
90 91
11 56
33 77
68 3
16 68
24 48
2 8
63 67
70 6
39 87
73 46
64 83
29 37
11 12
39 20
87 69
65 46
57
42 442596302
4 243018231
88 991988244
45 682068937
20 920506
12 13861986
70 601914946
44 159961700
1 654510828
52 625744671
65 807454395
64 165619737
52 571799092
26 663625320
62 671716397
59 200848353
29 283534202
14 523210856
18 981660875
37 136214699
26 491700613
59 568172326
9 974734295
88 978731571
52 471042583
35 635115760
40 538235026
63 644090137
5 181866583
21 632946873
31 924497813
58 591304233
4 37811866
71 413894608
28 194849451
41 14293210
73 940131510
16 624814037
72 971883121
14 122798322
75 4354611
61 141050504
11 403132634
58 30664101
64 802308679
90 429963467
45 227267457
49 466056437
82 763957043
60 824313771
72 141596377
33 47030153
90 756125132
88 12389875
53 256844602
65 211224980
56 950098577
