85 388
49 3
65 67
13 44
36 15
6 45
62 28
2 64
37 66
12 80
22 62
76 26
54 3
76 30
12 62
31 59
70 16
23 16
47 22
26 17
62 64
57 41
4 27
53 13
10 19
31 83
39 59
37 67
36 40
82 5
57 63
38 56
45 64
4 66
64 54
43 22
11 25
15 24
67 71
13 39
75 43
10 18
35 73
21 68
55 16
19 55
11 62
13 3
51 17
73 61
65 40
40 13
2 62
46 4
60 24
40 8
26 44
17 78
68 71
69 2
79 44
25 62
39 17
39 78
43 3
49 44
9 83
1 8
50 17
12 42
26 39
64 8
40 24
74 39
9 3
83 63
26 50
77 37
54 59
80 32
34 42
41 26
60 47
3 78
30 50
18 17
47 59
32 29
4 50
6 80
7 47
48 78
57 49
69 23
10 80
7 84
51 27
18 30
63 59
59 17
22 49
53 73
70 31
85 44
58 2
74 21
60 82
65 24
83 55
18 19
48 69
5 73
23 28
53 17
54 50
64 44
29 78
10 53
14 35
48 61
11 5
33 56
66 17
51 26
1 2
6 36
81 20
65 26
83 42
6 70
47 73
10 59
31 51
1 83
1 29
74 22
18 32
13 59
74 42
57 21
38 41
41 33
37 42
52 13
50 78
52 85
6 83
54 42
56 8
65 19
28 8
32 35
61 39
13 26
46 27
47 43
9 5
61 44
36 63
2 55
81 22
47 45
47 83
21 64
8 26
68 5
7 32
64 39
52 71
15 23
83 3
70 28
33 70
47 35
40 54
41 56
69 30
25 28
77 59
61 29
35 54
2 26
49 64
6 38
85 26
81 8
83 2
63 3
17 44
56 13
85 78
55 63
23 59
51 50
16 51
40 33
69 5
56 4
2 50
34 49
49 17
37 45
63 16
20 61
20 3
72 74
2 28
81 59
43 31
56 31
67 1
30 44
54 39
36 73
43 61
42 27
67 63
40 78
21 61
68 59
61 16
23 49
30 16
66 63
57 20
83 30
5 51
8 39
64 50
31 2
15 28
58 20
11 85
31 61
47 68
55 62
79 71
68 29
47 1
2 49
68 28
51 44
46 61
60 74
54 17
16 8
76 45
69 45
25 29
53 56
15 67
6 7
72 21
37 5
33 43
37 2
1 44
29 54
50 44
59 78
25 27
27 17
14 13
47 5
1 71
34 76
58 22
15 80
75 73
53 71
66 83
26 59
20 70
37 13
52 68
16 28
70 42
20 85
1 63
41 83
38 37
83 16
4 21
65 37
76 59
20 44
24 48
43 66
81 29
73 29
16 45
27 39
12 26
29 39
42 17
27 78
33 8
36 43
80 22
4 55
46 56
58 81
67 83
4 63
3 51
85 50
25 76
69 50
31 45
59 44
10 31
20 50
21 54
28 64
9 25
41 78
19 85
31 29
71 16
74 31
7 55
83 17
45 27
32 67
74 2
45 3
3 44
38 63
33 76
48 22
41 64
69 26
47 81
79 84
24 22
84 83
40 27
46 66
14 44
47 27
5 29
61 64
35 71
66 13
24 74
8 27
65 73
44 78
67 49
41 16
46 24
84 70
73 55
60 63
57 80
65 70
85 51
85 17
16 64
84 26
58 73
42 50
24 76
12 30
53 83
53 21
61 50
30 42
9 29
79 66
83 59
73 78
85 3
70 59
14 10
19 68
13 17
19 81
46 41
35 27
31 85
43 5
83 50
63 27
22 8
69 44
69 63
33 62
32 39
44
21 387825339
6 173769837
80 719155700
25 381020139
25 184135487
28 529942594
50 833560433
2 147475789
43 571439426
10 321549515
33 25328732
26 107052887
73 745101813
38 256800476
39 961397140
10 509027634
37 737151280
72 631614080
27 835640605
19 373257870
16 841773230
84 222930998
66 165382905
35 237128052
63 182424836
73 327775756
80 438692936
26 550292528
39 47666575
2 641183897
54 10368513
33 764848027
61 412758203
27 391319204
48 906209716
48 796359518
50 142810098
23 654861130
42 319229948
26 875272597
67 420802050
35 193161128
70 187655710
10 962730307
