1354 4404
273 1018
181 1246
37 414
914 438
437 446
1269 558
817 803
195 431
865 488
714 760
1143 479
246 9
1198 26
862 1062
286 32
22 23
38 62
262 1279
289 318
456 919
874 1215
210 1215
426 403
235 63
993 953
469 567
361 843
984 250
1231 971
576 214
977 26
730 803
491 472
392 173
994 389
1048 1256
910 377
1135 146
531 1174
625 756
951 1293
1202 1235
667 1231
493 876
1058 302
1267 1345
149 181
1004 992
850 723
762 639
192 1151
903 282
390 756
846 176
1027 48
428 721
288 706
851 493
1184 484
1232 1110
801 718
307 1122
655 821
758 219
1071 10
1163 1139
819 438
792 1346
882 79
1069 1110
51 855
1187 226
225 503
832 189
73 429
474 1200
195 601
182 344
1210 254
1174 429
364 3
63 78
1278 107
1228 120
941 602
1303 809
1151 962
72 1147
639 211
523 1346
69 360
350 936
766 701
346 935
777 985
1013 26
76 357
889 1089
615 933
233 598
346 84
1104 977
1275 69
568 727
514 47
1353 496
905 663
581 107
387 25
171 843
1310 331
1133 211
957 307
476 66
964 50
578 155
1263 705
1118 548
798 1012
485 810
860 1114
1352 476
768 560
759 981
1057 884
651 272
675 846
262 717
1082 1303
1091 1204
791 368
89 160
255 625
1017 1274
350 288
175 602
1296 78
646 174
622 142
819 603
497 438
1085 1146
212 41
673 586
1300 1155
635 710
236 1205
1230 736
1031 553
503 1350
274 429
532 884
1310 451
8 480
378 855
703 180
1051 152
317 610
622 1116
937 611
459 1209
441 1127
954 1009
24 1203
447 948
482 625
2 821
425 424
1108 708
722 765
110 418
52 639
792 1142
921 1335
503 1102
1250 586
1194 361
22 400
639 144
1110 1298
941 89
471 541
1336 78
952 714
238 244
286 35
1173 422
407 784
85 780
250 59
902 177
1106 333
1340 1139
685 2
754 608
560 366
207 360
1281 608
1189 305
745 880
975 670
965 228
364 292
1260 880
1303 663
942 1075
316 483
541 901
249 155
463 1064
859 567
1029 324
603 887
962 864
33 543
561 1218
461 1253
940 1062
632 87
134 39
1190 315
828 1255
470 1343
567 299
1264 1038
592 448
248 461
361 864
111 1043
821 1350
111 497
1054 1259
146 967
855 371
291 626
740 328
885 1262
1183 488
675 1239
382 208
490 20
875 658
588 105
1015 48
445 255
1124 59
1268 573
1050 920
309 1112
1106 1091
1315 73
462 217
457 244
1200 725
420 7
8 1107
1192 963
436 581
193 1228
929 562
1017 864
46 35
1018 268
171 1051
472 795
564 1256
1264 1335
431 174
1326 282
692 1068
1119 25
1226 900
5 968
359 834
542 462
165 83
983 1292
1244 1207
865 726
279 253
898 371
611 888
746 1297
590 161
572 1032
327 1065
310 484
1110 503
976 734
799 1028
99 1140
1142 1218
328 1122
1008 504
1188 708
113 1331
283 1093
1346 61
944 847
1333 1042
30 82
1032 738
426 681
16 1173
1061 672
1304 626
1082 204
10 1013
1272 74
41 446
488 725
140 124
917 1178
157 1335
1136 1327
743 637
1284 1348
1314 791
550 959
1330 180
621 219
1048 13
419 744
838 84
410 1178
829 444
1205 233
587 1160
530 573
516 1238
603 554
578 320
856 30
913 26
810 586
973 583
550 643
278 992
28 482
150 777
666 618
670 167
1269 851
1183 252
563 180
208 664
80 158
626 935
249 1052
883 1119
613 763
427 862
1120 219
1338 371
1055 938
63 32
1212 854
855 867
1322 1007
665 347
819 1337
755 1166
1289 1048
519 910
463 195
567 663
620 544
1286 480
430 1320
241 907
1282 790
146 718
21 374
455 482
1263 953
968 686
1158 54
1267 202
1347 735
678 328
281 166
1280 1209
90 317
143 586
1032 1186
69 1114
862 758
108 879
785 36
1266 1159
1111 961
464 1265
405 424
460 210
305 448
1131 345
103 1121
983 1032
162 310
777 1223
1106 736
1082 1262
614 1138
1048 272
520 1324
272 402
1081 450
270 36
379 106
1220 1155
892 277
514 935
1329 359
398 539
715 1187
1175 559
265 255
67 917
918 175
648 483
555 1349
756 503
75 740
1144 889
336 47
1321 985
931 660
475 640
780 80
710 988
493 1354
642 1239
1231 1347
1281 19
117 922
1251 544
572 404
502 443
620 571
569 277
1251 339
782 1050
178 1193
333 559
191 175
795 1178
152 1207
419 942
839 1234
489 525
302 482
778 896
170 626
437 1137
562 762
1332 735
1047 791
1264 1051
98 1173
82 272
1251 993
1303 389
497 338
274 771
367 230
744 735
599 25
58 340
835 557
788 100
473 458
718 902
35 919
403 242
431 639
284 875
933 528
512 305
1156 1209
1240 704
789 618
822 272
560 486
991 305
1342 93
578 375
961 387
859 960
35 1350
1130 795
1099 347
689 1177
963 89
1303 129
27 191
936 211
1257 905
909 1120
677 378
479 302
1017 1177
385 986
736 748
950 575
165 942
407 219
22 550
816 941
420 210
41 445
161 1066
1028 656
1240 202
688 866
175 374
447 138
596 1246
1187 862
468 1055
210 821
307 799
979 13
622 235
988 399
606 1261
1048 1350
609 1211
233 625
743 207
712 414
547 1196
907 889
433 1348
436 387
289 287
775 1060
1288 213
1220 733
901 324
672 107
446 760
444 1151
39 686
893 453
1205 376
387 399
891 968
866 399
129 639
986 740
773 454
206 486
1280 696
329 428
650 962
55 399
1115 714
1030 113
94 1062
779 377
608 832
540 918
133 68
445 61
606 905
353 152
740 608
1317 625
340 867
453 494
1026 808
383 1099
906 621
471 331
947 52
549 962
694 757
1016 225
937 720
475 1120
773 56
1191 235
279 1288
227 59
1120 302
11 953
434 175
416 156
1319 985
205 1246
261 530
1012 183
1022 454
1299 81
948 194
1137 1016
892 257
165 887
1348 324
816 1204
1026 728
1067 1255
1172 353
586 756
1216 479
56 1009
150 336
1075 429
724 1244
403 724
433 155
109 1308
1063 294
547 476
580 1097
660 328
1208 672
753 1261
1146 919
245 756
568 1162
889 176
189 1256
154 349
172 1353
628 193
930 977
926 1101
806 1219
1049 1146
889 745
354 1122
946 849
1102 1350
939 473
440 574
1058 1123
532 801
717 497
952 997
1024 384
1020 1336
531 1076
690 639
393 360
331 1335
1242 724
696 23
534 182
708 1124
208 553
188 1046
51 1076
410 94
1145 639
965 971
1169 335
770 1300
1156 548
345 672
487 870
479 738
601 1350
879 1046
71 1156
923 1153
53 328
295 846
640 889
1258 976
1177 1052
1183 1348
703 977
727 797
489 1013
1173 244
752 1153
416 1028
396 518
139 1088
222 1104
87 1279
225 1256
422 1042
266 264
313 252
829 888
593 381
847 928
1342 428
598 738
1206 1035
260 129
96 674
673 803
1318 217
985 448
759 228
921 1239
386 1115
623 992
916 96
769 624
917 2
682 82
1156 509
1026 1321
683 193
147 239
124 967
1101 630
1007 1153
529 213
876 922
706 503
1321 143
256 107
1266 1164
54 1256
1065 225
1086 256
976 1046
212 578
483 517
1286 927
383 1226
765 1282
1055 1122
1013 1347
1183 94
675 1259
1125 339
1225 1016
731 244
513 399
474 758
917 1043
1001 637
1342 930
1005 567
489 1077
143 968
661 1235
248 936
451 979
1036 1126
409 989
1138 445
134 375
256 194
800 1218
110 1148
1209 1338
1338 36
1249 625
126 461
515 656
1041 1210
495 655
1267 810
893 720
1105 1249
12 250
200 48
1317 158
662 226
371 272
3 66
1117 962
363 951
820 1252
750 562
825 530
1258 1046
774 672
1143 663
137 1064
941 918
1309 257
408 1350
914 824
964 184
740 1095
941 177
386 87
50 29
434 791
79 304
751 970
566 310
348 1285
1098 277
841 176
339 1148
671 169
58 860
695 895
826 432
790 1110
1304 158
486 417
421 1184
1236 1225
1111 414
255 73
868 1244
1001 4
85 13
232 1043
801 789
260 949
788 121
1346 771
735 1122
1176 1327
694 631
870 868
679 771
1067 1049
470 117
936 219
396 700
340 2
1223 1155
1037 1258
399 1102
1349 457
417 799
93 1148
1018 986
1293 800
372 667
1250 341
632 771
809 734
419 1240
723 418
472 99
342 1258
254 971
750 675
928 79
337 317
572 998
169 738
448 933
581 376
1096 251
1066 400
119 206
617 429
435 64
1013 1122
1145 713
860 47
1066 126
266 292
844 389
497 43
905 1042
573 771
1110 1238
184 849
1312 689
1283 1030
494 854
887 734
634 923
1026 622
563 370
779 714
1178 503
59 866
856 987
1246 250
1110 714
336 753
29 244
928 726
204 745
267 371
297 225
28 599
2 26
1214 771
150 750
1245 361
1265 962
927 718
819 418
190 341
229 936
969 241
235 403
462 579
874 528
897 847
148 685
447 11
163 399
312 1215
824 574
847 852
623 1117
525 176
4 25
631 370
1170 924
988 744
557 1179
4 78
318 1260
990 905
317 29
940 33
963 248
61 1215
654 626
295 935
754 1122
1227 1309
526 22
1313 820
1209 574
362 864
270 42
906 210
545 685
231 158
473 1241
264 901
921 63
542 560
601 302
1059 878
992 1193
399 1244
309 248
1093 498
177 1040
835 165
811 940
955 968
708 446
1351 191
871 674
833 230
27 1288
195 21
958 144
628 800
1327 1223
1271 180
521 1112
1311 1013
1278 758
1272 1076
908 702
543 1224
1009 1042
584 685
1250 805
271 614
274 387
966 767
1134 1252
469 988
771 886
1269 369
440 181
612 1187
735 1256
32 762
162 159
1235 890
450 458
460 714
1022 863
1041 968
188 1151
1173 1174
654 184
1094 315
880 399
1104 664
994 1124
457 272
293 745
858 492
1221 1226
752 1244
73 404
699 162
219 429
755 299
47 890
638 214
1297 1218
484 503
800 219
1331 1102
186 1137
87 626
907 1225
1099 311
28 579
97 89
106 389
601 175
1126 1042
18 954
1270 861
621 822
617 1249
178 1186
869 482
324 977
860 685
669 633
891 399
662 914
469 459
376 1179
868 402
995 913
619 1142
964 580
843 1075
717 674
40 483
210 1238
939 1138
601 213
282 889
215 142
752 317
775 1285
316 225
1311 1346
993 97
842 1326
373 880
902 968
854 42
318 614
516 457
1155 242
587 1116
539 509
511 555
1189 1049
725 233
316 248
715 1124
967 734
380 1197
113 832
200 352
390 106
757 554
1041 1080
508 1111
1172 143
456 129
932 691
1312 587
642 807
234 883
57 1037
909 1055
1092 204
1175 1205
1118 896
893 1346
232 608
35 311
884 875
701 288
141 724
885 565
829 1256
218 405
415 985
509 1174
442 1143
492 942
1301 768
262 318
150 110
1020 778
715 100
943 1305
1115 829
719 425
1191 864
904 1146
1266 1245
416 790
920 848
768 1028
869 408
1311 1138
354 882
135 194
582 400
436 84
615 819
1041 816
594 222
762 346
548 210
451 1241
772 523
431 518
567 368
765 1137
975 205
527 1351
540 1140
1068 1151
8 1112
804 395
335 714
88 146
1052 867
1116 503
255 1174
788 236
355 361
877 287
395 1265
900 1229
1225 714
716 101
1238 1350
1309 503
700 224
310 992
513 35
902 1224
787 821
1093 531
629 896
336 907
709 673
12 1156
539 797
332 535
31 745
597 1313
1218 422
1245 56
517 388
293 388
1015 1204
668 143
1174 714
513 658
1031 116
208 1209
876 277
1087 1204
750 895
712 800
1237 1228
99 745
563 1151
1257 1002
1160 831
1178 821
984 930
1128 239
949 176
303 263
185 602
77 73
703 82
30 26
763 172
645 1322
582 175
1278 360
448 574
734 735
1263 231
692 1001
964 85
450 979
119 1119
320 50
837 918
627 922
207 820
806 713
80 288
508 1188
982 98
745 160
527 1064
811 182
178 1208
753 971
847 1303
1301 496
1288 535
1334 462
1159 144
582 155
619 389
363 1265
531 152
232 219
435 1193
458 1256
942 1238
649 1350
477 142
1104 630
863 82
1163 712
330 305
978 310
311 1238
1006 521
620 1227
429 602
671 224
39 758
958 161
614 1279
422 217
169 1215
89 143
960 934
1147 276
414 317
163 429
478 59
879 225
1170 490
442 405
710 1242
540 541
323 608
68 815
1024 928
739 509
920 402
1126 437
684 46
844 778
659 600
665 303
254 105
1334 1212
789 800
360 891
110 36
742 803
453 167
156 1153
241 745
714 630
473 905
78 674
807 774
169 424
839 689
749 735
944 362
1113 302
1289 101
46 1303
101 19
371 225
341 1070
459 578
335 544
391 1052
797 211
1141 1073
1190 574
998 320
94 1235
16 1054
106 476
488 795
1306 1113
1205 304
112 1226
949 525
627 1187
773 557
744 402
1301 1223
1022 229
155 73
709 166
491 184
342 513
30 1204
98 1218
1052 1239
1338 263
1126 935
399 744
1150 815
362 1152
28 304
142 352
1312 1116
966 986
1288 992
188 1205
595 948
562 255
590 1010
718 405
1118 263
849 69
1086 745
532 971
853 91
599 107
1108 1213
496 368
702 1207
538 946
231 310
611 805
26 756
784 417
659 623
348 966
130 648
159 63
1084 739
826 993
1242 557
154 111
159 562
401 598
661 813
194 977
454 762
1277 603
407 627
1318 551
1165 1078
9 129
200 6
672 242
1318 242
830 838
1173 610
1304 724
1247 178
389 574
1283 1010
669 728
916 1179
398 23
168 1175
728 579
990 1222
662 104
1189 1025
795 361
193 821
117 456
1065 349
1101 1126
409 568
562 418
1322 1005
217 144
200 1111
882 598
217 1013
496 272
1262 655
1211 586
973 340
291 1107
1237 1089
1160 1114
1147 1018
760 484
1192 8
738 981
506 160
731 360
559 918
115 1040
795 724
1191 883
1153 602
141 1063
737 545
969 186
557 388
22 392
745 617
428 1348
1266 776
1109 800
1017 875
1149 90
1332 602
448 604
531 1042
708 790
497 31
771 734
845 517
826 626
276 890
534 158
1123 887
354 197
986 935
722 483
1119 1347
1236 1207
969 791
1242 651
313 721
810 1228
906 1300
922 649
439 995
966 335
1136 574
906 305
785 977
1161 1070
776 527
563 1314
569 986
292 53
706 324
338 418
948 309
842 914
1287 908
385 311
1286 216
311 213
419 292
258 472
641 1129
868 1122
395 1346
1179 420
511 535
132 303
770 556
553 19
209 104
946 275
211 400
373 992
1022 69
1297 805
310 1215
760 744
939 1051
20 843
1096 799
1145 420
1215 26
998 189
924 1187
200 1005
76 708
592 422
179 27
740 482
489 183
556 304
513 866
1258 1317
922 39
247 1327
400 225
909 483
534 1068
767 1156
435 724
224 754
426 256
1102 1332
37 328
267 1174
379 108
802 554
745 1249
357 405
423 210
289 1351
282 858
901 603
601 1155
826 936
818 734
63 460
207 75
1329 492
117 256
1259 1351
557 1051
418 1348
137 690
274 681
221 33
413 862
802 963
417 392
206 740
666 603
902 1259
952 1224
653 862
145 814
752 374
1154 933
772 61
134 824
71 1242
1247 71
520 307
771 1112
659 729
1133 834
116 634
149 417
1197 1199
546 1112
991 284
781 992
910 158
424 617
870 896
86 176
623 461
871 790
1239 756
384 753
43 1249
105 362
90 1152
1312 296
595 965
612 373
669 1117
495 1154
75 1089
379 334
1184 1237
1104 808
1184 589
65 802
1210 414
461 102
214 28
1326 225
1292 1076
198 811
931 539
349 706
973 1203
365 98
454 174
1163 847
1145 760
389 502
434 303
568 333
810 1342
495 902
996 1321
599 1155
68 33
144 1256
622 700
288 177
1212 502
982 458
717 646
931 1210
212 27
524 1308
1133 373
440 527
596 747
1104 880
1105 761
831 1348
395 863
1311 778
1053 1241
897 527
1038 510
191 748
996 1031
851 1308
623 434
436 712
198 270
807 1219
976 1332
1332 1350
771 1173
479 791
105 82
351 286
928 1089
848 758
1068 658
694 860
1196 1064
116 466
1169 1013
889 61
769 1244
20 745
1312 210
1205 738
941 70
1307 1069
218 1147
74 566
1037 1122
181 466
1333 1148
441 1047
813 1338
338 573
368 79
1320 53
62 371
686 263
21 70
1003 930
388 734
699 1138
1202 608
587 745
1197 962
1352 956
166 1168
572 1146
767 304
1062 726
878 144
513 586
674 706
380 164
1144 523
926 636
875 791
1320 1244
193 1078
1169 193
4 1075
167 1155
877 273
1189 120
1123 449
26 1207
704 219
1176 997
1222 863
991 379
432 309
103 421
1100 177
1337 310
190 639
553 1179
186 662
387 1120
1302 1034
1139 209
249 729
542 387
474 403
559 608
900 570
932 47
156 803
61 1338
39 152
150 1110
1341 1276
667 525
807 129
790 791
147 250
1115 963
193 548
121 460
841 371
299 311
225 213
1339 219
934 803
129 429
223 624
1309 1122
7 13
73 821
531 486
537 286
321 1309
1335 121
1345 1151
829 708
640 607
975 860
730 1040
3 1138
332 191
752 1042
196 1129
955 1350
1027 216
650 253
1009 674
258 84
687 1106
1349 701
624 971
504 625
440 503
839 563
98 1298
823 1078
972 1154
1348 610
623 70
605 509
94 446
176 79
1316 614
72 1074
578 786
255 968
508 800
804 919
546 47
1334 288
36 625
996 1121
146 215
847 1153
1144 714
1218 175
231 484
511 763
720 935
1323 583
315 129
1095 891
394 104
790 843
382 781
61 803
1221 993
1077 2
326 27
563 282
1016 864
1195 1204
494 928
350 1107
304 26
64 1235
392 1152
670 855
102 744
387 1013
437 799
792 446
1005 1070
140 1225
551 557
54 416
557 1332
1152 598
882 1353
496 1051
647 59
428 780
633 399
349 286
907 919
584 1226
135 882
1182 1290
1286 1147
1320 1086
1032 134
771 1261
530 427
723 403
1274 256
746 1324
1133 193
796 268
436 217
518 1112
1351 756
1050 461
79 625
463 1300
350 1238
292 211
98 4
1064 820
1268 1193
724 706
1219 888
1299 330
719 1137
867 374
207 1050
917 484
1285 59
1035 271
963 598
1244 1332
507 107
308 897
1329 1317
794 64
882 551
1031 875
643 1016
857 565
483 1177
109 321
1020 388
1031 346
930 968
948 367
1303 196
756 213
1249 225
345 418
956 886
712 1177
923 402
1277 173
1077 1140
937 368
612 1186
1142 510
358 1222
1049 954
1243 1184
1102 821
191 1298
670 919
478 701
574 864
353 160
881 251
33 384
960 985
879 630
65 763
894 209
193 858
932 403
656 608
76 1319
242 484
1155 120
263 1350
411 961
20 870
564 656
493 836
500 1175
520 979
1233 1085
152 992
1226 528
226 1256
607 121
213 1350
49 1043
136 341
472 189
1230 331
1051 304
761 797
958 1066
525 27
10 1262
1020 919
471 398
863 803
601 1179
983 257
249 121
609 355
1134 919
174 1102
220 225
535 404
436 618
1299 1339
66 610
746 157
696 1090
1164 377
345 803
255 189
7 102
819 548
933 1238
1305 544
1350 1122
1140 361
986 39
1320 962
947 1028
752 1225
130 962
840 1298
397 888
48 1146
57 518
760 26
464 574
1097 43
418 1350
1164 224
449 1143
613 829
1338 189
647 267
828 1196
511 250
33 680
1060 678
1084 211
175 1244
687 111
1026 890
895 263
1016 866
337 735
38 809
804 599
818 1258
15 81
608 1215
1004 1042
863 1297
957 502
849 483
839 165
637 215
297 250
1045 892
151 1151
41 624
1317 1114
623 146
1118 734
1029 82
651 919
1202 773
1086 460
651 988
159 891
123 158
925 117
1225 387
1012 450
283 381
192 734
352 1277
248 460
473 362
231 639
238 1153
1055 1241
96 472
966 960
222 41
1084 425
793 790
1161 1254
974 1265
1182 1028
309 765
1185 1199
1160 438
1227 253
936 1207
957 362
339 204
25 310
124 617
388 89
274 1305
179 820
204 89
922 914
266 705
246 634
45 335
1174 1332
152 13
553 882
128 420
86 1284
1015 1073
1295 1213
99 674
512 821
412 367
807 557
1156 598
201 787
63 756
618 255
700 1324
420 503
1095 1075
592 1311
1169 320
126 1111
1339 630
388 1040
657 917
601 420
306 692
119 1116
1297 936
225 1122
1099 1062
259 651
652 220
635 973
1107 805
578 880
105 189
405 559
356 402
660 1351
1103 902
941 156
1233 974
406 622
544 1043
570 1209
1314 896
269 827
87 142
747 895
1117 12
557 936
110 20
1155 744
170 246
408 705
869 1140
34 725
453 239
1261 756
893 497
834 174
447 517
299 1215
1321 338
319 162
635 922
1248 403
1240 368
1089 686
563 479
210 104
1185 1006
991 404
1320 1122
835 989
264 507
1264 21
1313 713
773 420
339 680
230 1249
1142 250
803 1244
427 1282
419 629
1338 981
422 735
199 780
496 1016
695 902
1198 1043
1139 1
1103 949
371 104
555 400
884 959
273 855
519 1114
1217 272
704 822
174 35
141 599
231 535
849 626
87 23
641 311
113 479
867 267
1128 316
378 787
890 608
531 393
344 1129
245 374
1267 1184
397 655
124 429
249 1277
1327 780
451 375
1156 1261
924 906
758 1338
98 267
257 461
835 394
450 36
1130 1144
822 387
1294 262
904 173
303 102
493 752
36 374
1184 224
891 210
309 625
1090 1209
659 1314
978 1262
1035 1092
668 303
287 822
953 829
765 102
1043 73
938 210
265 9
1054 708
236 704
933 824
780 224
1101 814
739 370
576 1219
136 656
757 961
268 1076
75 938
1190 1222
613 675
135 303
184 50
978 706
1126 748
1181 835
619 1228
267 896
487 1302
900 910
1233 656
1084 339
892 582
237 412
376 617
166 624
594 1232
414 446
300 217
555 920
363 156
768 1173
1226 711
1174 821
833 1281
935 23
911 864
849 918
5 352
387 433
877 573
1183 742
454 1219
222 1249
206 403
253 1002
1238 1256
1202 656
508 1151
1198 1129
181 116
336 37
482 756
614 905
853 246
866 217
636 286
36 457
560 73
163 1107
1136 384
421 226
463 439
854 922
554 1112
384 1332
1188 670
667 233
1298 225
5 155
435 889
186 204
640 997
1283 637
534 1066
712 99
1351 143
143 399
465 94
663 144
401 912
843 1215
1169 1061
731 598
627 932
18 1341
1163 1077
1275 1176
533 995
708 933
1007 368
1133 53
859 514
91 321
660 882
1014 424
644 941
443 233
693 1101
331 1317
568 167
1223 800
514 919
1328 754
1115 736
1091 288
365 568
234 284
184 804
463 504
113 443
736 952
41 315
262 846
321 1021
176 706
165 710
692 837
386 1128
665 116
1349 21
347 20
1227 476
1044 610
707 812
1322 215
65 390
53 1145
1141 395
875 213
494 149
550 191
131 504
540 651
157 1245
894 1049
508 1265
1056 1069
433 1048
1282 935
1070 1137
953 37
1101 402
404 868
606 411
1115 605
1092 832
174 404
59 457
904 1138
737 824
41 549
720 47
79 868
1336 744
791 225
1320 1245
83 982
1252 822
233 1218
173 189
25 1122
818 1195
99 457
995 1153
997 705
628 895
120 896
763 425
1015 548
1074 542
531 210
1241 639
812 109
717 1104
14 924
50 602
1250 313
680 992
725 734
122 523
903 551
659 366
970 1082
217 738
87 340
1046 1347
1047 625
1024 1070
1186 820
48 1239
571 995
186 1025
1085 32
846 1350
1162 219
655 744
764 714
1294 921
334 823
541 324
1071 226
13 225
625 630
722 658
418 968
1266 404
509 457
149 1351
76 265
1141 995
197 316
972 457
1344 706
832 821
595 494
658 263
868 602
551 866
327 226
43 189
179 127
174 1238
831 160
420 602
333 376
127 346
370 155
935 706
1296 670
584 1154
673 1137
1120 1048
834 896
365 11
461 1339
649 79
564 457
843 1298
1086 332
375 255
1338 821
1084 70
566 377
556 1317
225 821
494 159
204 918
254 1324
1192 1147
520 241
982 313
2 482
817 446
1318 402
528 988
183 997
1215 756
506 701
35 630
531 368
1245 582
898 460
682 602
328 225
296 28
1072 167
263 213
752 630
956 167
664 887
75 277
260 581
175 217
1150 1244
497 436
977 1122
673 1282
1127 1293
1305 1258
855 800
1152 1332
33 573
1086 35
171 933
1207 1122
1147 257
1286 1311
1103 992
714 1244
507 870
97 589
1011 878
453 89
1333 822
30 19
1200 375
191 602
1129 429
809 433
818 306
322 682
1265 362
1204 310
1311 1252
289 1097
434 1062
1150 310
1308 433
1322 882
203 332
1161 883
799 191
1013 735
45 756
525 1241
346 962
936 429
93 888
1089 155
687 209
957 503
737 866
323 986
1268 1282
1023 1225
162 381
898 1308
680 228
839 1089
232 740
234 1082
1308 160
536 74
320 172
157 1205
301 117
546 1245
243 313
384 438
843 1209
1175 910
984 345
667 924
641 967
108 221
353 752
501 129
422 107
60 554
1311 913
79 1193
773 583
1289 1069
1194 332
641 341
1100 5
517 78
808 444
323 105
106 1174
362 23
140 474
205 334
1175 39
190 782
880 225
757 1117
1060 586
548 35
461 417
1221 177
772 40
1211 295
1304 161
1116 760
386 541
139 834
243 674
392 429
178 900
254 1124
1132 1080
491 1164
55 651
1205 556
712 1324
798 960
981 13
1309 1068
701 548
482 1332
1323 1337
236 1068
969 411
1039 608
201 1060
302 791
1107 1043
242 686
1125 837
405 26
915 1173
989 891
509 13
643 1187
477 1169
67 128
389 941
311 1153
447 562
533 1058
1120 1173
641 605
700 1113
580 712
174 272
1271 563
1264 919
450 855
824 1040
567 1086
670 1344
1119 880
827 365
1144 476
1112 1075
19 617
973 1314
1138 569
593 916
1089 176
1309 582
999 346
1324 302
205 1004
307 920
1106 878
1276 1112
685 368
651 129
864 304
335 194
479 1244
852 41
434 1162
486 539
177 618
1279 1224
1076 1114
870 1120
1351 855
1055 101
1083 413
1322 235
159 598
713 549
215 648
822 608
1338 73
303 803
539 528
1019 211
975 589
880 26
376 482
539 399
877 397
1223 102
1176 763
870 56
152 1102
1081 673
606 483
707 1304
487 157
1269 1135
15 682
476 952
1059 577
5 1141
540 1121
538 765
56 1238
345 371
300 905
374 2
462 761
135 700
540 50
845 1155
484 1207
644 1344
604 1256
1109 312
726 194
967 1217
677 304
134 388
29 1075
865 1082
47 1016
531 896
1318 484
58 563
944 832
30 482
764 750
1062 971
658 735
1230 314
1132 194
43 360
635 909
375 1174
324 446
1027 163
1226 207
565 1162
102 821
1287 570
680 567
430 660
410 618
23 311
659 1069
106 578
969 291
1345 413
876 1048
1302 560
631 163
885 476
115 78
142 371
601 160
307 1279
181 1127
1127 1253
267 29
11 1225
353 1048
174 1153
271 953
962 868
1141 860
1071 632
293 486
444 374
688 1339
603 89
1252 311
683 1173
748 735
191 484
92 347
583 793
1235 1258
821 1122
175 1042
1062 1228
595 1179
1077 29
147 592
970 633
1207 1332
1092 324
991 518
1338 734
851 497
891 324
315 427
556 917
376 760
929 230
482 630
278 1179
857 72
444 1332
1094 1280
1010 193
731 353
460 420
940 795
214 1112
487 619
538 1217
935 35
1051 35
1003 936
477 1201
743 273
29 919
1316 68
631 776
850 538
1040 630
1269 877
917 785
707 806
240 64
240 676
274 366
1060 822
1305 1353
1043 25
40 244
292 675
595 255
267 79
1132 402
78 744
671 1238
871 754
486 39
354 795
202 113
441 315
328 267
1234 1324
1351 745
565 275
251 66
824 244
1278 748
1007 553
1218 1338
598 610
971 1265
982 488
958 520
233 1244
590 142
520 1314
1102 1256
637 535
574 651
753 347
1283 1228
245 602
596 1219
1258 1153
470 4
872 608
380 746
1076 1297
568 472
285 789
439 754
123 208
1353 1207
674 374
443 144
196 124
1208 582
924 704
389 1288
1114 1249
868 482
360 374
13 1347
621 402
941 255
638 444
32 340
921 1073
270 713
682 617
755 680
1232 1104
252 889
1200 484
234 1231
180 554
696 724
1160 1184
1264 928
938 78
511 855
784 27
309 567
805 73
202 98
118 831
98 217
517 129
410 940
413 1336
581 1350
1158 999
912 416
1301 347
550 97
1010 539
91 800
1233 1036
422 714
503 630
244 630
220 941
283 730
238 502
2 1193
953 1029
118 1235
204 143
1139 177
946 1068
1053 1037
1243 368
724 484
1145 855
1198 32
397 858
792 1244
667 1028
803 484
1322 507
1182 1261
598 152
957 393
656 735
1026 1331
948 224
1345 453
1014 1327
38 1303
1269 564
439 288
1060 384
533 1213
950 534
1282 742
823 1173
976 685
234 799
377 880
577 135
90 887
23 992
466 658
326 1303
332 656
1347 1244
478 1344
1256 1122
916 335
344 1238
981 213
528 107
751 1035
743 370
295 301
808 43
366 1120
62 752
478 1009
315 437
979 977
268 598
44 706
999 426
496 832
424 492
358 1328
667 256
1111 142
793 224
276 639
425 124
435 210
1055 1177
1335 762
314 1225
22 82
486 836
1063 524
22 516
1239 1112
1325 1111
84 433
1260 968
960 712
179 320
595 665
1007 21
92 39
1219 116
789 905
829 1205
516 1178
1035 347
103 936
1329 211
932 503
1257 157
715 621
100 377
653 1248
1078 724
733 1076
716 651
184 157
709 603
36 304
941 82
676 819
677 1215
421 25
19 56
37 20
1323 394
254 231
1054 608
114 837
1042 977
883 1238
666 440
268 738
1147 618
122 315
1136 370
719 172
341 184
966 683
1227 649
956 846
289 626
707 1224
1202 183
514 685
351 1109
325 148
411 936
758 371
702 845
469 1074
452 346
228 544
467 1354
854 460
304 821
970 161
337 705
672 610
1048 1298
481 548
252 548
907 691
469 886
460 658
838 224
937 689
579 1350
1230 317
255 651
918 735
234 878
206 94
1272 1333
302 304
777 213
962 484
820 1040
1159 513
381 702
745 84
152 107
1181 384
245 509
458 82
265 36
114 499
685 748
412 763
973 25
198 2
195 1257
216 1029
266 864
902 1148
920 424
1063 299
112 878
462 174
213 735
1160 424
132 527
1085 1277
602 1122
833 858
1218 310
610 503
833 739
550 756
1328 89
1244 213
661 1297
1227 246
895 997
85 254
1213 683
388 617
619 1238
1254 4
394 1351
564 1288
143 2
597 863
1167 1013
313 817
377 324
1065 1009
856 322
1041 335
963 559
973 1293
494 211
1237 756
849 714
1089 460
993 1058
543 700
796 1209
264 685
1157 569
1333 428
27 219
107 13
220 943
499 210
314 1207
1327 63
628 871
64 4
889 601
393 686
1234 213
762 803
668 130
1335 370
678 302
198 927
1057 621
320 883
349 1009
677 934
590 1282
185 1253
463 1266
1060 973
57 301
1070 843
181 683
945 872
560 1153
826 1056
1272 702
1129 745
575 2
1005 20
985 938
462 1348
1041 896
135 997
525 1259
1246 321
1036 954
76 993
88 324
628 733
1 1143
629 1173
1333 785
834 417
554 817
1203 589
1028 968
1200 1078
860 4
579 761
927 1068
1193 26
619 701
1112 366
607 7
343 1327
1006 567
646 817
1291 685
1183 838
194 1288
1180 12
1136 737
1193 400
197 1331
583 1016
1143 867
458 1095
1246 610
128 1244
752 509
663 791
832 760
760 1256
577 88
22 1194
385 559
1020 603
916 790
266 808
138 1184
1118 250
1050 520
355 744
605 721
1193 744
671 691
1167 498
389 723
1159 315
403 177
164 607
1100 660
620 1198
1093 1317
86 1114
818 1214
39 748
552 554
498 418
193 734
1194 180
1179 663
1153 213
847 1213
1290 361
1007 1146
826 765
166 3
405 254
719 1277
1114 868
1290 375
241 417
456 1335
231 651
1149 1
1134 337
853 1264
348 242
430 1309
900 1223
1158 66
1154 551
80 1051
1319 331
118 1186
771 1124
733 738
873 800
976 23
1029 128
616 484
1076 911
1125 381
953 251
431 346
534 584
236 574
1293 420
172 1335
837 1273
1215 821
545 1168
705 399
266 210
610 1298
712 124
1140 1314
997 128
402 735
157 917
222 366
741 44
415 1073
948 129
1063 630
255 1152
667 592
262 551
1148 1228
999 106
790 599
618 1110
908 395
893 94
844 882
220 1261
790 1151
141 845
669 225
1081 581
161 365
1242 674
551 456
1229 484
831 371
1105 581
934 1261
220 1173
483 376
699 809
946 1022
6 121
978 458
1349 932
958 17
1045 1208
296 286
545 230
898 182
868 1238
940 883
992 602
357 1112
36 734
259 535
267 1153
348 17
869 1125
895 567
333 947
180 561
1114 1238
1004 484
1240 716
256 581
314 226
114 1168
504 98
434 1187
1074 895
821 1256
778 864
530 267
1061 1155
879 713
954 302
777 258
589 1140
1040 484
617 82
1169 203
160 399
945 625
348 1093
814 1218
533 858
681 1080
857 931
884 1031
1241 630
400 1207
718 366
202 807
1168 1295
1073 618
38 1335
60 801
914 152
1154 732
109 948
499 1042
1172 733
537 829
712 503
533 415
1247 1077
521 606
505 1346
732 185
1195 682
861 959
1239 174
135 1095
1319 1081
322 1069
449 617
1166 1258
140 445
1284 37
823 405
283 1256
1205 516
247 1340
1007 4
1227 696
472 639
526 51
1009 1249
1102 1122
46 304
1273 1298
939 1174
275 254
836 887
998 152
570 84
1118 846
1058 2
135 773
591 301
800 923
849 1347
1211 144
105 346
167 53
408 192
98 213
1338 738
530 922
1169 395
414 791
294 624
664 655
1119 1043
306 1069
88 557
1250 1148
1030 622
566 648
1303 1208
571 1254
127 625
915 961
247 633
1165 417
178 583
565 727
160 1116
368 968
695 51
40 251
724 245
893 880
11 643
364 70
959 53
1265 400
1281 625
81 949
60 56
764 181
673 813
629 1203
892 368
687 452
1300 110
1068 400
261 1076
585 230
582 13
1049 1343
317 496
952 448
872 962
370 1297
769 1058
84 1215
832 371
1124 630
1182 968
305 1244
919 13
319 120
530 984
592 724
1038 517
830 39
465 803
426 655
980 240
321 1070
488 1244
111 232
410 548
559 219
1202 387
79 981
1083 708
432 438
1010 1089
615 1302
959 625
1159 320
1015 66
502 310
1199 162
188 431
803 402
60 133
874 1186
109 879
537 1191
1079 98
965 918
157 840
41 420
171 531
1042 225
994 946
901 531
160 919
1246 483
53 1308
468 843
737 175
1268 443
815 989
228 1339
1161 847
975 420
1108 960
153 1264
1021 574
1113 311
1347 1102
1194 135
1117 697
1035 1320
771 373
1131 257
844 521
1063 61
333 905
263 1347
779 919
304 272
321 634
896 272
1176 627
125 684
1137 649
861 1305
897 793
158 272
581 1298
1141 658
927 509
43 967
116 20
1150 955
258 774
506 979
295 1076
1032 199
336 719
860 1350
1000 814
671 1152
783 1177
961 252
702 1129
99 1089
246 843
652 149
140 457
909 769
369 1326
1341 503
606 1081
299 155
67 1350
758 263
871 875
235 875
75 672
1293 556
969 1047
1343 758
921 1076
299 78
343 1025
1123 979
925 486
1124 78
73 263
788 1348
728 294
450 544
177 1261
1181 1072
948 989
928 144
1287 207
735 821
84 23
1187 1021
306 270
420 189
552 556
816 145
631 1167
322 1034
350 1273
890 84
710 752
458 219
218 703
1011 982
667 23
1199 1200
445 955
166 142
1146 61
679 1223
270 499
1195 1188
569 1076
1283 872
1352 1247
957 1046
388 107
767 71
251 1297
475 732
1121 1114
818 1000
263 977
1206 210
895 1265
483 817
555 1350
447 946
271 985
1002 1290
783 939
921 1119
1153 1332
963 1168
159 353
1327 634
187 720
1151 1124
360 744
269 1142
1154 834
989 928
138 2
696 733
601 800
1210 843
181 1339
412 754
329 925
417 194
995 310
319 957
728 255
1219 1004
182 824
47 979
220 117
520 124
943 1292
791 7
719 1013
991 22
341 522
244 1347
976 2
912 323
136 879
429 735
127 598
465 212
510 1077
1145 581
1210 417
242 513
688 233
284 776
1222 1052
1125 1103
449 304
95 586
765 567
1241 353
314 307
524 556
713 1070
866 981
682 399
447 43
441 516
1124 414
788 949
223 1081
13 400
890 25
1042 760
1142 177
431 959
1060 160
361 516
83 761
1295 95
74 1031
145 907
851 1153
265 929
777 740
797 919
1074 760
167 816
83 823
1059 966
812 335
467 1264
654 345
264 75
660 914
185 171
1008 1313
67 1231
641 155
1329 961
1022 1264
27 1162
130 745
1198 98
1025 752
645 1196
478 1119
454 778
1054 634
103 531
786 513
125 159
1020 167
46 919
458 1207
263 756
1172 787
1278 613
926 1347
801 159
1160 860
979 1298
138 1065
897 1092
305 436
221 558
467 50
384 651
1304 275
1070 437
1194 670
175 785
542 1042
949 618
556 1244
1292 482
547 530
1240 864
1305 277
219 981
1226 866
1246 199
1096 1030
42 1021
242 79
1259 548
1104 799
828 597
14 80
962 217
966 611
1096 87
184 32
105 1348
602 821
922 172
301 799
98 560
369 611
1190 1116
297 1280
270 1076
392 1102
87 120
235 539
627 19
151 25
34 963
88 846
317 175
986 1353
281 1239
66 1068
859 1250
565 662
282 1217
656 1120
781 222
500 209
328 368
1344 229
614 602
566 863
100 624
74 1194
1293 817
915 61
159 340
689 473
432 800
956 360
942 429
772 153
633 322
659 435
462 630
222 921
1053 154
551 458
1 1120
298 860
977 1350
50 1013
864 26
56 144
729 118
162 112
399 1298
760 821
848 176
881 404
21 570
630 1122
743 910
12 805
793 549
155 310
1093 204
1005 582
1228 414
222 340
967 509
1075 513
754 663
943 763
987 365
318 553
536 1236
287 871
846 393
461 324
214 953
607 758
600 43
1054 1282
1033 484
1307 740
956 17
898 1061
740 516
892 928
431 38
975 911
468 420
698 42
1020 525
806 1309
959 248
1204 460
812 746
551 342
904 1102
791 1298
504 1259
444 790
1275 1064
34 495
1058 398
974 1259
868 919
189 630
355 1327
6 324
833 1051
1284 399
1224 360
516 160
276 1070
661 1313
285 887
297 445
457 1174
593 1128
925 367
912 984
97 748
138 737
602 735
910 332
1236 923
291 625
966 153
1195 938
558 21
1009 832
738 992
914 813
88 1190
1071 724
165 685
636 79
963 728
714 625
996 268
277 233
718 304
1025 1004
1213 1297
168 1230
1246 952
480 927
1172 1217
807 1187
451 1162
227 167
366 655
1207 1238
716 498
343 450
874 317
1181 76
591 896
641 443
691 443
995 84
1188 816
72 1204
393 814
1275 9
697 1305
671 152
756 1350
307 267
608 586
820 617
56 936
156 955
1097 311
716 450
243 90
1225 745
802 915
1020 907
483 1228
55 1215
1036 1026
342 891
842 648
353 158
990 998
192 1314
387 1102
802 627
1141 388
436 602
1290 1075
179 197
1289 639
471 1114
1077 1124
918 414
320 516
186 302
1179 310
886 78
127 551
503 1122
1203 848
89 1298
284 560
900 626
775 227
1205 189
1067 683
343 831
522 992
23 78
256 120
895 50
302 317
699 720
549 366
183 871
1229 1051
584 939
1123 293
899 56
726 366
1057 63
702 1078
698 64
763 366
1231 392
965 1303
322 1126
454 1351
799 371
146 1073
181 745
131 169
151 197
704 456
523 1209
719 130
1227 277
385 860
230 1218
573 799
225 735
1121 957
640 922
1198 840
1348 420
495 1281
1088 1178
46 913
238 655
959 267
800 1042
682 219
273 643
1111 814
944 431
564 219
44 1054
1222 268
241 955
1019 714
1243 471
927 345
696 311
464 429
1034 1062
969 903
114 982
517 1298
699 283
444 723
1120 422
689 984
798 235
815 1085
243 1071
1276 1095
788 739
986 1218
981 821
352 347
237 946
1214 62
721 503
656 225
480 957
303 129
1157 583
477 461
320 73
994 1006
829 404
844 510
915 209
490 1281
53 1241
677 628
1168 433
1109 1089
102 13
315 104
1255 803
1354 1235
1211 364
320 942
888 685
321 589
1042 979
600 165
1325 1312
947 1073
1309 61
695 37
746 834
934 210
1164 1196
239 400
1283 1180
652 981
622 740
1077 602
497 706
1138 130
1108 500
95 19
1335 923
506 298
1144 20
946 19
156 362
1240 153
1252 438
1054 1184
200 671
393 1314
153 8
823 771
667 410
856 205
851 561
57 821
688 858
207 934
1 761
725 177
553 456
132 1222
515 210
721 911
807 370
600 1179
693 1160
1155 1179
945 1296
1326 230
48 1126
407 292
954 722
27 374
748 610
1252 35
723 310
741 118
815 1126
1164 208
999 1234
70 302
462 1327
1024 392
474 259
1204 942
574 107
1043 7
1230 1228
649 896
1095 866
1163 1164
659 29
1114 1261
789 942
307 1309
173 422
1216 4
676 1083
351 1020
368 868
650 320
850 217
609 617
1011 1335
111 831
275 232
650 1140
827 1248
1028 102
1148 621
961 890
513 756
1029 1177
702 13
170 1075
580 55
584 650
43 324
246 1186
865 900
932 422
805 896
328 1218
1184 573
672 224
1311 1089
772 70
785 26
471 431
290 149
393 761
1129 923
158 535
185 848
436 1086
923 705
1040 102
1146 805
223 821
1240 1142
1216 586
1296 174
350 748
1234 603
1251 842
447 1324
1201 461
204 700
822 890
1191 159
104 1244
711 1029
1293 104
507 1324
708 1048
1049 1064
624 601
393 158
779 1148
353 299
375 26
239 988
1081 824
1151 78
496 400
438 1348
1015 259
1231 855
86 435
876 403
941 158
191 1215
199 102
967 482
915 232
280 139
1060 903
575 674
878 1231
413 157
22 935
498 513
1181 65
575 333
571 932
1198 194
986 59
909 824
547 1226
421 954
130 1237
959 404
1048 73
1080 1081
165 837
225 1207
1013 400
1032 520
1045 923
637 1255
939 301
635 503
17 618
192 362
505 130
344 311
182 102
101 1209
288 102
1134 271
606 84
622 834
1242 366
432 484
696 1019
979 598
608 29
616 174
944 1202
1150 466
594 742
918 1178
748 402
1046 1332
859 672
389 734
962 942
1044 95
1117 1113
9 947
1244 503
644 1159
211 79
1125 625
452 714
471 1162
1064 152
1097 921
459 376
15 941
648 1252
736 1308
1175 1290
1164 569
656 420
95 771
501 864
713 734
1101 971
814 734
253 1090
36 404
638 87
481 409
902 192
7 1102
370 78
32 59
358 1274
1023 364
1351 516
1254 117
547 1063
903 1018
289 298
949 564
1325 64
130 682
520 397
1033 265
534 618
93 1028
601 658
359 324
930 482
104 821
563 368
228 486
59 744
1316 245
1171 404
280 182
129 896
1253 460
171 882
511 95
653 960
1232 1265
849 1288
1148 528
36 1122
1036 81
1234 235
445 706
1171 328
298 1038
1133 682
924 189
11 1203
566 1051
1180 416
472 883
1120 1016
1004 1228
83 502
805 29
211 144
829 753
1291 892
24 302
281 1098
1139 1019
955 324
914 513
232 353
555 1327
470 1350
1141 1277
629 278
1354 1336
212 267
398 1137
670 232
1026 172
131 474
825 854
287 1249
876 417
539 1217
50 143
585 320
653 1042
40 1162
1097 1246
586 371
870 556
843 225
1036 724
315 438
1298 1207
919 760
3 126
599 977
1028 400
885 630
1214 646
1273 20
1006 222
331 1104
160 981
423 1241
285 1004
1301 41
1143 579
1117 528
141 867
938 735
274 1089
92 737
1348 1116
456 896
1053 1281
310 1153
114 395
316 82
213 1332
702 1156
3370
1106 136411
533 143663
86 74217
919 153623
234 178783
1291 172198
1224 192597
755 163719
561 11713
352 129129
436 170405
816 120199
491 57630
636 48307
902 47180
572 185989
585 31688
851 136587
636 108691
961 116903
128 36767
531 100852
856 24256
819 35689
92 194708
919 129601
323 111429
330 9648
1294 138183
963 174321
1217 155572
1222 75565
1180 16038
905 14827
569 91188
1091 52053
684 74479
796 41410
1073 153062
841 44510
94 73873
1 163659
184 142136
263 125835
119 88868
882 157574
963 9307
78 81861
400 74846
1202 62219
477 51059
92 2142
1187 47694
704 150911
75 20018
1296 193240
517 173792
1001 49510
57 92588
193 178354
431 37678
1252 183047
1306 9109
768 95028
348 283
567 116504
1302 126352
1218 28475
14 3304
985 159182
953 3089
476 95107
477 64385
398 58611
408 48114
461 55499
708 39590
850 133752
108 34792
416 134507
367 83581
982 192487
199 174437
455 90839
500 79710
413 81435
67 168955
1352 139269
341 185847
588 59804
652 80664
762 141370
818 1877
1087 154142
47 141186
91 196414
954 155334
506 189743
708 2972
621 51727
712 151395
770 120262
358 66825
358 22769
1289 169872
711 176112
1134 88547
711 54921
323 55681
646 10707
843 142898
73 86733
1128 196690
750 93077
106 52066
574 18795
806 214
425 116543
1130 69928
213 159493
830 6599
1277 150042
1319 119082
299 6228
623 79310
294 90235
749 60118
568 62704
855 118422
251 29443
282 116168
1231 175348
667 161497
639 30855
120 11077
799 90056
680 59536
427 62692
856 14545
249 33482
247 2213
900 49455
1019 166859
435 1047
139 75025
1337 28169
788 169834
638 26016
1212 77040
835 120063
318 48075
1041 77220
350 176314
718 4346
1003 106902
129 73775
614 174026
1288 50445
795 5759
635 56115
237 95929
1200 72035
1210 84607
123 34928
673 116083
326 160609
1177 146854
398 96043
691 14732
1274 86429
374 4929
1350 182929
68 197874
630 152109
1013 7637
1350 168463
358 89576
591 92598
901 83726
995 86664
1110 57784
88 159023
114 44072
116 20834
1249 98504
569 462
587 113793
667 120334
680 124347
830 172869
667 29202
288 46967
505 32845
734 167186
938 8989
268 115773
1288 121608
459 29566
110 92905
513 37869
1165 23456
603 161728
493 147211
628 164279
175 95538
313 49582
1177 57576
1017 13902
1074 23705
41 98024
68 22996
355 85822
304 100687
363 66081
1007 142974
363 154996
1140 182300
645 53756
380 44589
68 123419
1176 71413
981 38247
464 10067
1210 169072
723 113251
589 70768
1074 42202
546 29828
1310 132388
178 184598
1328 72153
631 183185
789 169316
351 45485
1200 82503
852 132812
159 43670
307 91605
614 55071
728 23006
1055 76610
22 100439
548 159422
869 89735
682 20198
1155 121437
854 111878
1295 112923
289 55600
876 92094
1176 65165
1209 152679
990 24355
1320 193951
606 100954
836 143801
421 118738
1244 149888
581 110894
1246 153332
578 77387
497 48889
149 100488
258 16099
303 21017
668 66978
458 191456
862 130318
952 17553
882 129572
1295 22623
271 47189
359 134681
433 162403
270 18754
1200 14648
1295 101204
542 165633
959 174262
823 77989
691 67966
741 104644
1065 102400
1017 141731
263 61104
283 145320
222 77013
1133 12762
441 117462
919 199399
1134 186365
822 150835
1028 166498
1352 12760
667 163184
721 137823
31 125486
905 54639
563 120387
447 9990
696 56054
493 42953
797 141459
1175 28737
57 126080
1070 32976
217 34615
714 156019
688 45604
267 120463
1331 104508
382 102948
1024 96639
390 15650
1128 169881
621 153309
666 115689
529 111170
962 63815
1104 131148
714 107852
1275 7022
25 60118
1207 199213
1008 154971
1137 5622
1087 143075
33 130435
761 42199
1262 129762
341 188067
1346 16011
8 123740
1342 97911
574 7493
313 175028
537 112061
663 66108
368 190829
486 46129
492 7074
1351 196737
744 43116
51 779
1200 80023
975 115467
289 18764
454 57278
121 84970
702 121810
751 168816
900 176215
890 118444
948 5684
407 113259
29 152073
480 55340
244 106317
1152 191859
479 45600
1298 90135
890 17752
761 143344
638 90322
561 24593
702 15891
759 125529
1334 199285
138 156292
1054 67526
314 121606
30 59110
812 104062
59 159155
121 97343
1087 155452
1055 6016
273 174918
1003 93672
236 36502
713 39335
295 142479
1217 31422
631 147212
36 4460
1028 113157
289 102539
185 77316
453 157495
41 58313
1306 134829
496 37173
461 85617
468 101787
856 108587
751 44116
513 147393
449 7930
1123 113644
733 14710
894 125632
31 82849
701 74543
788 118972
175 95509
72 43445
298 126528
105 139136
401 81225
1258 58403
1292 24085
1103 133200
389 187300
355 31985
559 94804
786 84364
95 151555
639 151138
527 120554
334 9642
494 88009
852 82266
750 171734
764 78528
950 130671
837 17223
273 131834
1315 9234
950 159310
349 197664
34 114391
1206 110004
999 41308
471 24912
721 138271
1235 100033
416 51485
666 157939
493 16375
1323 101165
47 71405
1291 87848
20 139918
336 81687
1078 107180
549 48617
637 750
966 25908
1321 7954
427 80266
1231 192968
1024 92454
1054 40438
921 27677
730 142179
875 127912
1271 84866
400 28423
490 194680
252 31618
1343 31529
1051 54690
115 60765
1257 109090
387 77470
133 75514
856 20752
35 155473
428 10000
1100 190391
561 91841
1123 163186
598 43545
422 41607
85 70223
250 177159
367 111399
114 198705
502 39160
1177 29895
140 76434
1085 158048
364 116479
112 73384
13 40719
81 179888
379 132927
958 165074
170 151712
589 134391
478 134127
293 5791
1062 65559
564 191160
276 33528
1041 78448
660 115430
555 93839
971 157436
76 162155
878 22025
1135 69559
1009 34374
1186 148435
506 2555
1046 133334
757 179827
334 109941
459 104443
201 112886
327 150426
71 173595
106 12210
1187 173463
107 16198
1229 187427
40 192572
379 90792
132 88024
1288 102391
215 180506
110 79071
905 115165
1262 120443
1209 100325
307 86383
124 99166
274 147448
846 21994
571 23212
910 155868
1129 52176
880 25667
318 66597
1218 170171
1117 51493
50 160924
1184 115539
590 35685
175 146432
678 33116
406 181640
1215 183942
1330 30072
89 158808
430 84034
643 162195
808 67040
1132 62075
967 105830
693 52865
656 37832
738 127318
1083 192126
1057 184234
224 106711
362 85040
613 158863
635 125245
407 84690
972 63595
1241 123377
159 176085
970 50708
1001 109103
240 131583
766 4369
106 103864
329 148872
1290 12152
994 128277
232 1695
1202 57574
539 27087
467 70679
977 6103
826 59899
945 97370
478 151157
442 174983
302 119220
749 191828
1170 103640
77 19675
338 170762
955 198246
1304 34613
802 57082
784 73521
1144 79708
1238 151957
125 179782
1240 7539
98 39047
1143 100689
818 115223
183 42126
1009 102931
446 197697
855 176195
173 43078
853 60350
38 91982
714 48140
677 198068
1148 82305
7 88426
186 164665
1337 80906
1323 199615
722 196522
450 7452
798 50296
574 95846
779 105834
965 29628
526 198014
212 145304
858 35714
263 101436
1293 14421
678 149178
627 96588
988 35191
616 3434
46 156239
477 152016
1206 165644
1186 185882
422 61472
949 15527
655 111455
718 65234
433 8185
873 26361
1029 45637
1282 90334
102 125182
1027 197990
140 91305
257 196105
621 151971
634 131633
476 158629
1289 111621
862 146408
944 17598
31 183520
1346 57787
1027 189497
1021 73210
952 13940
1056 154022
543 15892
1044 161494
16 144848
340 29511
827 13815
577 51043
314 47399
1310 167161
960 130255
422 93341
51 86688
1257 187971
994 133742
564 184079
1091 136551
110 17965
322 11169
118 124062
74 60891
428 31326
341 85728
81 77367
944 167909
1062 196341
560 13717
389 170166
897 114279
406 181661
301 152740
976 85095
828 105961
676 7591
117 126036
493 186405
963 120233
293 8115
1278 114088
905 181574
356 28764
1220 125438
332 177015
348 176556
37 198521
311 23272
735 117068
832 19468
1081 13035
1159 157135
272 139475
151 61115
651 4924
805 37293
692 168711
136 115103
173 76260
512 169821
131 95391
1233 14362
925 182563
750 124611
768 5726
649 4507
255 147141
939 195390
980 174530
284 61510
1269 142458
555 188618
579 28476
666 81004
548 175440
1020 170740
1306 92166
148 170605
525 99859
285 63815
635 113622
849 111760
313 164864
1204 55822
1176 175781
202 195966
155 82554
505 19380
477 58382
438 45031
382 98575
1113 178009
339 159286
1210 18524
1295 14330
175 68103
98 115668
294 32657
920 125569
369 196882
454 175863
146 113580
1271 89525
640 4154
1170 46130
707 138160
581 189045
396 174585
490 130799
427 141031
226 28317
532 43350
35 98480
898 81345
180 73970
153 149492
775 163311
605 197794
675 17661
581 28278
978 145779
418 96673
802 159371
210 135755
581 59069
1317 69053
1053 79989
1179 87003
802 143517
284 91325
869 147490
935 3047
761 144373
19 5829
1015 170398
523 177641
1093 90812
858 163637
391 130528
898 12210
947 24749
1005 157183
823 14439
571 127817
597 33610
169 117379
1147 112954
174 143689
541 124734
323 160849
815 180844
52 23715
1200 69208
1310 188087
727 55186
758 115695
1068 52911
359 43071
60 106288
1028 90164
440 124498
32 28874
584 17827
86 41165
961 186640
160 76347
994 88776
700 181242
403 128612
105 192432
905 63368
109 138409
275 172367
722 81333
849 57443
1075 127741
153 96896
338 15150
984 108891
1210 125157
1218 158856
1249 27124
959 69470
56 121251
812 183628
93 165595
1102 99390
670 182268
896 80237
1290 97155
1251 40956
298 126914
913 93666
750 4687
373 192699
619 178661
1006 57398
681 80865
226 157857
564 138435
499 102732
619 25447
911 122922
900 12753
1199 63694
516 120159
459 189968
1235 50922
451 18957
653 173025
370 114973
614 21962
1060 181653
558 14254
810 147580
209 11005
688 44075
1208 118699
158 184227
932 45434
1235 110548
499 111809
28 8370
951 153461
1063 111857
447 33406
691 67732
1339 59306
798 150004
118 55327
672 34757
329 157842
726 129053
662 141319
640 178462
932 18817
1280 191841
580 166778
704 166982
340 134468
707 147335
450 45899
1250 168450
383 71638
514 116262
1067 160587
203 36475
613 12164
1105 23313
1207 178128
173 23401
564 115962
916 121278
1048 152778
313 138243
1154 89883
700 67902
620 68670
358 193798
815 95442
985 20683
335 20296
621 82947
278 29909
765 15920
10 156188
838 95236
995 115653
1227 176032
668 185105
654 100795
694 57264
694 14996
1038 33369
9 11267
652 140415
276 129729
140 44693
1041 88071
929 184522
615 126469
1210 103903
1174 78252
1303 105383
584 164360
911 141071
994 132109
697 155395
1290 8909
974 139644
203 69929
563 89511
565 14606
1091 52429
646 140965
513 142918
618 195783
268 95777
691 166893
26 147521
89 2845
1192 21508
706 54359
462 97527
1254 189791
1194 141259
898 47600
853 67002
913 18116
1215 82872
1102 182282
1048 183535
1117 106601
942 33859
702 32894
259 30249
17 125503
71 457
695 40444
973 136547
132 189817
535 42777
252 185988
1294 180368
483 51538
638 128135
80 49473
1209 147310
1120 193848
503 49215
916 28478
194 121301
516 40828
180 179850
1096 47551
360 188804
718 77946
207 176986
641 199492
559 51894
1003 118309
735 181030
576 59956
306 73059
1282 20595
1185 56642
707 651
249 162533
15 97413
1284 141455
207 155935
201 148348
570 146830
881 197659
443 6923
1006 90372
618 61141
250 60016
139 99293
722 155129
114 180366
131 87310
1138 125155
1249 61674
1146 101372
1282 130480
624 33172
526 165897
80 126402
729 193335
707 150098
726 27144
1329 110626
1223 93785
859 182707
661 18272
290 105522
315 134893
616 128496
234 67874
197 102950
496 174889
1136 192933
643 141945
8 153993
653 192678
830 126446
240 180644
401 39323
395 39068
499 89087
45 127372
197 198044
920 139143
506 24908
680 36915
842 70662
308 101150
1349 8152
829 67790
815 148139
669 55675
979 141760
990 196532
214 4909
1240 44937
1064 36073
237 197333
1306 188574
825 31062
962 155985
1037 138233
147 38248
287 39974
43 16628
1062 51186
746 104084
998 1867
970 7968
454 79176
180 116859
4 171077
1187 16485
1084 143518
1195 1015
290 48392
688 67008
1057 128310
1243 110833
1347 91299
912 159263
10 118757
46 104861
223 21062
1301 195674
188 80766
177 125967
34 182617
1088 168551
1239 170633
1233 17329
344 61488
250 105669
224 188586
1026 187961
56 96602
112 59229
460 25737
1227 80541
257 40755
1000 153022
726 75125
1112 95330
1239 120639
1187 191489
1284 41999
939 123377
247 191133
1222 197106
326 150441
858 53353
364 109167
367 156749
136 45932
334 96933
762 89186
785 43177
110 40482
778 101056
310 182800
1339 7777
823 99519
1273 194967
760 128978
277 31935
518 150396
615 192373
1190 26293
198 119750
465 38991
295 130903
525 130821
830 119733
1069 162072
1054 71912
1348 146283
454 28832
250 138932
2 189235
994 19249
332 64959
760 72695
1094 36127
352 113695
967 138931
101 172324
1161 95678
311 174303
271 141871
1299 22105
557 55663
1115 192970
1013 81800
1273 97674
233 37482
519 16301
649 15136
206 74865
1157 83833
439 25914
233 173814
1072 184193
385 107956
833 135579
657 104560
481 58445
603 47439
1266 167610
89 71775
184 142384
1125 58461
829 36241
695 113689
943 130818
68 121743
846 92799
584 66666
405 79938
381 66737
514 172325
880 180048
590 82826
1215 92637
55 3624
875 145114
489 108083
676 46000
213 123715
1285 11206
1242 14215
1263 150417
1123 179858
240 165357
86 143214
838 96973
1326 155313
1061 111240
346 194782
1055 144900
907 119987
1343 44545
457 26775
460 120971
1071 137615
106 2619
490 177588
3 22346
671 115675
397 122919
182 158920
458 83431
1335 28669
884 183530
362 53155
112 13151
772 143958
477 79200
597 173076
1219 184753
897 155937
340 192257
217 168654
724 28489
626 185715
1070 186109
244 51367
76 132674
660 62223
1281 45958
835 49968
40 42756
26 98652
150 77131
425 28027
138 146245
1258 198455
328 144512
688 79847
1210 122677
1106 159850
1169 111364
878 140913
1086 168513
929 72484
880 124883
768 113222
269 86063
558 150574
262 63103
166 33542
545 23142
967 16966
279 163618
129 148215
974 183415
1224 155054
398 108847
286 197999
295 17998
469 84619
1004 83377
835 132147
789 163182
1328 77365
805 64305
54 154236
181 106853
390 76956
565 168550
1169 11549
282 82863
574 27055
209 103625
113 176047
504 1280
1049 23958
785 129127
549 30655
790 7567
611 76232
1167 189362
629 63191
310 24307
843 123991
1351 99836
843 9775
400 74761
377 108204
844 32370
18 146582
599 175830
313 199731
229 170351
1281 106762
432 158084
1001 74900
792 164296
1018 17583
238 32394
1005 14359
522 5280
684 124881
1228 12224
1020 61673
765 61820
869 388
72 97800
370 58421
828 10646
1269 132427
916 20925
422 92558
1101 116102
1179 88144
1284 161196
714 174683
803 63366
269 120318
28 84050
410 41107
36 40432
207 45470
395 136910
854 134926
519 49118
749 163186
344 22371
74 117719
559 95334
270 92593
469 150722
124 1855
274 42959
551 152477
1344 60353
326 134253
1141 54450
1250 111646
1071 86597
768 8035
790 117849
934 85757
5 104273
1291 88911
302 154532
8 101452
1078 42939
323 15516
1177 172789
191 173350
243 170721
853 57650
1224 160428
1181 42927
1054 89170
1282 121774
876 193130
94 173557
1123 81884
948 198643
330 142194
1284 145022
639 33494
404 134678
910 43273
879 78752
1197 77717
402 103512
1249 148495
624 94198
453 32516
888 122789
420 199935
380 181971
1287 50678
844 8580
590 172577
419 131488
174 46050
621 153408
1141 157409
102 115264
537 149073
58 16568
724 119988
1344 175551
345 109407
782 147064
1137 23452
796 114343
429 9813
607 179449
532 132729
139 152020
1011 81274
1093 148175
20 184175
28 172219
896 122719
174 94111
534 100641
756 5486
1030 28006
715 143328
1244 43826
143 49154
977 37266
875 175696
215 58971
806 26320
399 85861
1095 39947
31 79021
773 193434
395 72859
484 192355
498 38180
1045 162473
894 182990
634 136204
1148 120555
259 112552
1190 167469
421 41036
1203 22052
419 10428
262 41593
715 30949
215 104535
431 113596
46 15401
902 190170
892 185912
962 123363
250 71489
1141 195072
316 68736
697 42646
972 92750
587 56436
77 170316
4 97458
1177 7954
1310 80
766 26764
683 180882
207 5443
163 15055
667 164497
142 74307
838 24317
1206 140757
712 104803
1252 133583
741 86786
272 19213
727 21623
723 6637
1235 39261
167 39416
240 977
1238 159516
290 31364
379 193293
224 121936
459 127801
1176 36674
214 106563
35 104716
1022 36771
308 150335
683 78254
339 169626
1154 63328
1021 81001
817 181884
1241 150892
1230 68566
948 198133
492 51666
1189 84857
708 37535
1048 96608
881 35787
1205 161516
780 178149
78 90124
1146 159583
934 148012
511 64324
743 71474
858 21293
1248 44806
321 39168
7 21737
198 74596
826 188949
1349 199831
1238 107186
1222 57814
505 40408
1097 2860
1330 34569
923 141248
104 177356
352 194179
1207 136984
6 197154
304 15799
348 9789
647 64245
1249 149493
1319 145347
1154 61237
42 191246
1186 192123
1135 52961
1065 186148
744 83596
1029 82761
696 64229
1252 6280
933 148800
1049 193233
457 116377
1074 120218
161 72188
997 88941
237 176297
1252 112245
30 137520
835 79899
920 59121
283 70963
868 181589
589 55816
639 169182
978 73168
30 179346
472 199718
365 159594
1168 45056
950 128000
65 111370
901 94585
1078 153663
103 36984
143 60051
659 119545
86 83348
623 113055
905 365
917 160328
449 85245
958 151583
52 185286
726 54115
439 95088
788 199130
86 154426
27 155808
885 181035
332 41934
535 78696
921 117935
1352 186432
309 157406
623 184793
983 134056
468 169368
74 56154
566 91474
468 83939
648 152265
1076 67639
526 124485
1208 73256
206 191279
1121 32615
534 39820
752 197021
708 166997
349 70408
130 90661
530 178784
647 91464
656 117861
538 44319
1245 104714
479 181457
45 96729
534 50673
774 74968
265 178047
1270 151682
1183 168460
88 93893
47 96704
65 145179
874 117111
180 102050
545 104496
483 141238
1050 104850
770 198389
117 105276
46 82449
206 163423
771 18219
935 82219
85 134836
1240 178000
990 49904
9 15785
171 87445
60 130362
700 162393
1082 139642
59 60575
420 174560
1102 100715
760 98028
1347 42189
1257 186446
1289 34157
1309 192393
469 20523
376 18481
991 101826
1269 170263
579 82993
335 51285
344 58607
800 119594
1009 80700
51 6835
168 187921
621 144214
1121 80629
307 2258
59 34309
1034 164291
1142 81129
702 147738
277 35833
624 80346
261 128851
409 118195
1070 179120
378 144310
1285 67836
303 80054
1038 26859
1209 136533
397 15000
1034 84996
568 54680
230 55261
1266 108220
1116 70379
423 197945
1241 47990
318 132667
775 104717
1030 52683
961 146699
865 141027
470 27576
386 25339
46 83011
1089 110146
66 10308
1281 46078
76 189329
1040 32877
929 74818
1261 98086
602 133999
430 74308
1070 61098
698 55821
1158 192978
1299 60348
27 195578
182 137547
113 2145
392 29376
771 123986
962 144352
339 27882
1142 155772
1120 194997
230 31442
542 109305
1056 84505
847 46707
645 111835
639 68329
696 76998
993 36361
964 195653
968 129457
1294 44774
603 186835
186 123898
764 106456
134 31303
891 42764
1148 51449
850 20858
250 75552
1104 186017
587 138178
244 53593
804 196213
55 132208
752 114234
621 80555
319 138203
1198 82889
43 88073
1246 166192
1311 53822
602 59527
461 59299
814 35783
916 135229
1338 175908
1072 38319
464 134009
750 104557
773 104459
365 161447
1082 152513
763 27207
227 109963
655 193159
294 184355
515 198140
710 30952
1354 123602
442 23400
217 675
775 35954
598 59939
643 57301
672 85656
1110 56867
142 74288
54 126059
179 156728
13 41361
1353 37112
656 44445
1215 82461
925 33577
172 151935
724 176142
855 159863
485 190247
100 149699
612 97619
1251 143789
873 49488
938 58869
900 61947
381 2359
1032 100615
849 4275
1123 34764
149 72908
1348 60039
1303 146875
783 171791
718 189792
523 46171
494 135669
785 138703
340 181669
390 53067
264 58831
1025 188896
211 177366
1342 148298
186 66539
1291 28002
1345 141532
310 98792
569 35536
44 170352
979 37460
330 41572
165 81906
722 175356
1042 86801
357 36508
66 171070
1011 156327
1190 145957
929 176494
1102 164553
422 63949
1028 138631
128 8631
969 198862
1121 80710
768 42270
39 41821
980 149207
53 77726
1164 68349
755 33284
863 56885
110 121056
557 151132
43 47199
479 33801
6 123794
46 90397
131 79071
103 61745
406 162283
800 158668
94 73671
1278 81928
1307 158100
1061 170391
201 59136
708 195153
15 169783
72 191807
1218 12547
1164 22301
457 190259
34 9853
43 35107
169 138513
951 90368
1178 98659
565 160906
221 108647
554 81686
53 87569
576 70557
858 192494
1095 50742
1018 2759
316 28799
796 158489
803 118286
796 150321
702 34795
1236 18471
1292 134170
853 146727
368 157343
1058 155455
746 151861
1298 57973
201 196980
368 155101
749 103361
771 74334
130 174312
860 16630
864 158795
565 131032
458 124079
716 741
743 192583
394 28535
433 186611
101 1559
551 190564
822 70816
936 179118
1285 12208
411 59405
22 175491
210 135861
333 3297
1257 11753
745 105676
52 124131
1147 42386
641 142707
403 70596
74 31939
908 175583
758 186807
1121 193054
512 163461
852 124951
655 186908
344 135744
1013 62549
542 109285
877 196106
26 150293
1320 182466
315 123584
1331 46776
686 87335
154 59567
66 37855
559 69971
690 162138
189 165479
245 82075
1077 161061
1033 36650
815 75917
966 168041
257 59831
791 67501
937 137488
549 121461
894 73434
852 31806
1127 64496
1201 138721
1010 10091
664 64725
934 158739
572 57684
1243 104569
247 49352
747 1042
763 193899
765 195493
869 109448
1020 171092
313 187344
52 9141
610 22118
141 28290
971 12197
1065 186090
559 190413
752 70776
974 150156
641 75664
574 89581
84 68076
81 52902
1209 20585
59 122650
1148 109670
636 73696
223 166880
776 64526
775 56975
525 96887
548 28939
1002 133515
667 84784
628 196116
905 193537
598 51784
669 43091
73 72548
668 118277
927 77637
180 198101
685 79991
1159 64993
273 29059
398 42904
1112 176361
226 94144
1264 162734
5 100685
1131 193260
626 92996
409 161330
337 21679
1251 170214
950 117680
497 173694
650 96436
750 103482
1330 138840
801 31284
1140 69373
538 179681
593 151079
1117 87932
1109 179591
361 139427
625 172656
233 72471
1033 86031
560 69004
890 139028
693 174813
1059 82797
809 11254
205 159706
596 73338
243 77068
228 90427
760 56298
144 178731
1122 50129
9 120467
155 174287
1031 70003
42 37124
1097 127278
531 175222
392 140240
1291 148746
922 37269
884 57024
39 86216
1234 109835
830 74013
398 45871
1193 73688
1288 122693
21 22759
76 163577
1008 86430
106 14774
439 74622
57 186238
1230 15818
130 109817
1002 151828
724 156026
186 160351
1144 100070
851 57663
446 60195
816 137132
547 113916
1221 162276
466 125931
1022 139734
790 115538
51 37940
660 36515
650 69139
1339 195186
18 51653
165 184326
940 8747
224 6763
316 168118
239 28054
1050 104779
97 129361
281 70802
680 52725
402 3116
774 19959
245 114455
1009 188552
636 79559
1315 87413
46 26313
822 6060
991 11142
1317 118955
713 49999
1107 78454
890 154461
84 36887
138 183774
318 178914
1271 77424
590 151052
977 109016
562 60637
1141 184926
939 195508
582 97919
231 99924
646 119913
1004 144142
506 12629
699 33078
568 89433
84 67028
210 36131
5 153725
1039 46275
1216 733
1145 97849
1230 119651
303 33786
863 72338
897 28628
238 96143
418 39245
209 190030
206 12747
534 197886
829 79224
797 113128
364 159211
822 62216
680 4213
31 166112
313 81229
411 36890
1309 158302
497 78552
815 87317
575 172969
179 63524
208 60898
107 199796
392 24697
564 58221
493 7140
54 24421
659 105455
840 5608
1159 136821
1076 162495
62 75709
1031 123190
1112 152576
948 31842
889 78335
133 189431
229 193894
1028 196681
525 22004
368 47942
1017 47489
174 134865
1105 110682
1278 86635
1139 46340
342 91851
1066 55017
1245 29237
787 190917
245 186818
864 127269
449 75499
64 108305
1202 13712
530 7428
227 106932
460 183383
928 78885
523 168962
817 48299
423 73655
1312 109011
152 24953
182 119102
589 130048
329 64480
1124 161155
652 172745
645 178350
1096 193217
430 46382
871 199227
541 87204
944 57546
205 191682
1135 44280
66 128141
976 169253
871 187199
798 125953
397 130573
1194 24089
855 91647
1254 151826
1130 92656
56 50168
187 187943
266 36744
1189 22381
1067 108741
587 60825
1010 37813
228 125820
27 3452
1122 195734
911 57314
278 38674
1010 7959
734 70404
447 164990
188 14750
1084 173636
766 159987
1137 167135
904 125321
843 131988
497 182265
603 99823
62 154258
423 124928
293 195535
216 87964
1218 41438
869 104317
1210 97413
267 76149
1085 11880
1255 23859
252 161626
1266 22513
5 55612
182 53071
620 167348
556 1658
493 69466
932 64054
1209 70738
38 19597
889 119432
1180 147893
114 198545
1295 168921
11 197348
1274 139264
1046 80431
600 60269
60 22163
1230 187307
1182 84689
680 134247
1280 197313
465 193506
936 125602
1145 156469
1210 15009
1327 184801
241 78718
5 49637
1335 22887
190 5441
688 191984
432 8148
1277 157717
841 96880
1248 25
456 184637
113 130628
1291 185717
739 37199
727 192489
205 52165
1246 107052
1331 108869
931 142796
610 84302
138 91873
594 114183
1287 194613
1172 136597
235 64931
88 68999
949 128293
392 70989
1156 87804
1241 144401
1214 142063
118 174783
1353 158657
408 103241
540 76188
309 118024
1349 150574
990 60329
510 176667
650 26108
1321 52051
175 121084
87 55496
1135 91419
360 44514
302 54838
864 107784
941 120026
91 11351
918 46390
734 166416
443 47106
1031 162810
180 107376
51 146710
749 138891
1043 81394
1082 186927
205 118180
542 192971
882 9922
531 157674
542 178370
678 3711
502 155801
1337 49158
778 54832
636 93517
21 1989
597 90203
1163 193906
1050 19935
1235 51897
1038 40255
1050 150229
1147 188677
1224 89169
1224 95434
1039 75360
1174 126233
1183 179443
980 1493
331 15332
1350 23187
1144 194319
864 140602
1352 150270
899 9989
496 21917
8 33404
170 104112
414 196625
849 155182
52 125849
503 114811
709 8266
604 149117
1181 123568
783 173686
500 49115
633 56109
1333 148757
671 96940
1333 127338
254 37256
652 63159
127 183366
1210 32098
426 77055
1141 183967
1110 78540
730 31350
1152 111308
837 24919
23 188917
1172 137482
559 71286
127 45613
14 158817
203 67283
381 195268
153 1002
1032 162866
676 18300
658 80198
614 110827
952 81020
267 61547
857 72979
228 163138
18 155449
226 160720
896 108619
706 114437
254 17091
1245 167036
799 117581
950 143147
1160 184163
488 175814
1297 5451
1325 77601
383 180437
443 148510
581 189586
549 107069
672 133389
1201 152652
1000 113999
331 74051
483 117537
422 142314
877 26681
599 147766
1094 1400
905 58694
635 166451
410 117409
505 76909
422 117655
549 74709
321 12332
259 116483
1114 87918
989 21380
573 152309
266 5664
1267 177327
1243 177322
849 135485
1017 155168
548 10161
67 199374
363 122198
317 178006
1200 87672
451 182279
56 140936
1202 162963
1301 182028
494 108657
787 81092
1233 157042
766 189104
152 193338
507 7459
796 95960
994 84309
136 171979
1163 108636
879 179540
889 42876
1271 51749
200 21155
699 187535
411 94312
118 19301
245 23009
496 86082
1194 114354
663 184755
677 47585
908 29939
704 46953
86 125651
887 83836
1128 164361
816 173064
628 85479
470 172414
678 9731
882 163294
107 192248
1339 132253
641 150304
607 23221
537 73678
945 45581
786 142577
687 82165
69 9101
1217 75419
667 141343
666 8422
446 112870
507 181491
1208 8800
116 61511
261 55891
230 72472
1340 155483
1160 152054
844 156968
1212 79738
579 47181
957 112622
27 7701
235 171529
337 155978
940 187573
1040 5350
1040 139343
945 105750
811 165660
184 53074
1267 101211
753 58715
46 7032
339 129705
1224 140638
539 157784
905 25093
455 155024
317 129634
1311 44028
59 196790
559 15307
919 115530
416 166958
27 133816
119 58329
716 116141
610 140472
456 147688
1192 32700
1283 9292
844 24020
165 151884
889 122011
370 99971
830 159281
894 57312
1240 49568
965 179339
595 174455
338 100843
156 19582
504 147480
1057 127638
214 34801
307 125388
1074 155621
900 135901
298 9509
763 77028
923 72459
572 25554
449 150572
1088 81188
238 68963
261 56739
1299 171438
673 59044
575 180245
393 63936
742 116765
912 18583
1350 129717
697 150152
1179 111244
450 12515
543 190422
444 856
1197 94908
156 44228
262 15442
444 20864
613 125540
180 163620
416 31818
1231 135514
1012 147939
660 107569
1171 174964
82 10824
274 168195
647 110285
1242 189440
693 47260
246 14954
973 85767
758 185639
145 79226
576 161095
1340 147396
1113 21712
842 103712
1346 16943
894 151727
984 59030
1336 81744
749 18291
249 131018
660 102759
986 98234
1157 40492
506 197077
555 139345
602 184750
28 79234
855 12959
586 46944
110 189350
1072 124837
545 143664
270 139488
1003 122215
242 140571
898 150011
581 132562
530 144052
712 100526
800 23472
772 50914
324 42199
661 130665
274 75921
624 178511
988 125030
873 56377
1217 80462
147 123766
309 61510
579 46275
844 7322
229 17020
1324 79477
490 101836
1248 156740
1009 5961
154 53626
985 17508
543 6064
393 38340
100 163608
914 97648
246 113757
1332 23986
1315 10693
1178 58473
407 69156
539 188739
825 151616
1031 134398
118 21406
242 186299
181 100793
30 164536
201 116016
438 190325
1053 34829
650 196424
1045 53771
288 142304
1050 133164
37 73369
676 82852
593 191448
518 45450
570 132441
265 100750
737 93639
577 186919
1198 85167
499 3097
717 47304
587 182617
1272 121982
430 104523
1189 27705
266 169230
403 137830
299 106457
828 106538
840 89558
95 179134
1323 56947
1146 193048
634 174194
1285 53658
844 152174
129 145441
842 104111
431 34034
413 181080
638 141922
746 35916
606 26170
1305 126255
82 12314
1187 12274
193 111032
797 104041
263 121892
551 16493
792 133368
1046 14432
194 98460
1240 39688
1192 13704
144 144746
36 54276
778 107430
9 182262
416 67063
942 70774
314 135470
446 49259
391 84461
494 109327
659 176864
112 92722
269 109097
851 120022
757 12797
903 37406
352 119098
1162 71826
677 86447
254 87429
1096 40379
1015 64440
639 170336
1195 80374
106 144955
841 181532
1265 84768
71 69169
33 121202
192 102937
1096 44646
941 29852
506 11780
128 168889
943 180014
908 36859
1024 118094
980 11137
908 140773
435 100921
775 88961
803 68530
849 105958
381 87471
697 116000
544 165231
163 93335
964 40354
735 83924
975 190503
1248 181552
1299 149773
559 127138
1336 77613
694 23345
999 25269
252 147335
319 196495
1164 163234
1126 196505
350 160667
660 141853
260 116863
1010 115469
889 196745
397 77095
688 175657
1134 32731
7 30938
271 68084
572 48019
1019 105495
387 10826
717 188688
626 123698
592 71593
1289 142974
1116 177403
1037 90759
67 11356
403 167752
1018 102343
746 171806
863 185360
750 83012
669 183596
655 69323
902 119119
738 130967
224 114167
697 8677
1231 65048
1128 75462
1039 147372
961 166486
862 9593
688 181687
482 194032
900 160634
1247 100772
447 182961
538 193787
600 139019
869 127147
973 30423
481 124797
192 111137
536 45510
890 66415
274 119752
679 112693
1243 2942
575 127529
387 130993
266 189457
548 47019
281 145418
129 2697
598 109664
1345 77808
1239 140163
1201 84864
331 127484
822 76465
1137 136415
66 147929
762 81802
384 114120
1213 124728
43 131087
21 22731
1010 132741
466 185563
493 81861
197 15103
705 177337
270 145042
585 150546
492 69496
1180 94371
675 170571
639 27996
1075 22571
1242 10090
1054 15445
265 107646
1214 150113
361 31666
737 146466
1179 133795
599 192656
753 14627
220 26288
818 120004
434 101780
1219 98475
823 18679
262 79351
498 14393
1228 141989
1025 129740
329 181485
1254 29374
1197 157106
389 60571
679 120035
8 96294
260 66630
411 152548
925 46614
799 149050
1185 152464
295 122008
696 6417
879 96791
851 172178
331 31940
1019 3957
933 158917
983 144353
1253 48855
1004 118675
976 180649
973 58017
398 87566
79 30251
1327 16350
410 135063
902 70006
353 152111
123 18695
1321 174291
293 65102
923 3327
436 52487
326 125046
1094 34585
1051 65460
1315 85293
1125 52079
77 183372
1239 54382
332 175180
1175 66765
749 50299
795 182934
298 184585
627 51279
922 67848
1056 12773
553 61798
573 83082
876 92829
39 12496
279 101192
352 50192
1167 10651
80 137115
995 131467
233 35567
968 33124
172 137436
1 54214
1284 145251
212 34515
872 93564
154 70352
1146 4417
875 108496
1090 2376
1129 190402
481 27719
737 56048
521 82882
878 70066
1221 12854
254 160000
870 189394
1270 56599
47 53821
242 25262
12 34474
1288 64911
456 193694
842 8086
899 162343
371 57764
340 113346
949 40693
158 127888
824 58345
1221 153204
396 182505
432 120145
1067 24429
1210 103460
702 49616
130 145492
47 26293
323 90834
1280 82287
935 173633
1019 183511
676 105619
147 73290
1105 182453
819 71715
1285 79573
174 90066
1098 87254
450 165354
193 129385
637 105453
1237 197430
928 140455
484 72062
117 10413
739 176819
814 51143
362 165683
863 149079
803 134000
923 103102
1059 96006
604 148094
666 147365
1129 194693
436 116154
1114 77144
623 189262
213 187577
21 90943
692 172972
619 35300
1323 56495
1315 28472
862 146746
1216 85035
1294 75613
1219 163597
1307 130918
216 71577
367 113713
669 160149
310 36055
414 87076
979 40145
919 159963
532 83450
322 156062
1065 49781
57 140885
466 195637
913 42855
1213 97123
368 13403
2 96061
1094 21890
331 111162
802 191225
1074 59941
823 32201
817 118085
513 165087
8 101023
850 97450
151 5066
151 65573
1136 194378
1178 3069
1024 34756
1002 140607
1317 35735
734 146285
1095 65478
807 179708
750 101089
1195 110864
708 129724
613 133876
1044 61466
24 28094
1292 156591
1315 175905
675 117808
614 126045
599 74412
1189 154834
1184 119800
1074 5823
446 112803
202 171621
1343 54038
103 36057
878 106934
539 159983
1230 137059
415 198042
906 181547
1053 45164
1223 22675
107 109945
8 117379
812 172601
968 57172
960 9408
359 139873
1150 24555
277 136247
861 185000
157 115133
371 9839
687 12937
426 31798
578 86796
54 66684
913 105121
1141 11821
633 24405
1221 174390
582 33569
636 145400
555 163782
1171 179230
1228 145825
1156 186299
1199 119010
1119 50339
369 129043
999 34984
1286 197396
920 93803
119 44224
677 179518
651 147748
1115 163501
438 61113
547 196581
797 66375
307 79507
505 71726
1275 128784
1202 116775
593 28811
421 155141
407 168385
495 175610
1190 49899
755 35494
1064 49972
364 106746
884 152782
1191 192802
1221 49961
108 44666
149 132019
556 123438
38 151941
1113 158314
554 118984
623 169766
1233 117397
847 191240
726 94406
678 126958
1061 98148
1323 114441
899 171264
14 80977
48 176181
721 130340
784 69283
463 63454
1 168371
192 23433
708 155181
394 181808
8 138680
462 84223
178 86135
367 77723
625 91648
578 49223
299 35923
1343 106475
1283 153581
101 1946
1227 31174
1247 64264
832 4888
1114 7351
991 39820
470 126874
920 198018
615 118615
283 148268
1234 166023
46 61761
867 155542
792 96479
315 182650
784 174291
925 137682
763 11636
580 155911
1049 49001
2 111279
460 117321
1273 180734
302 160741
343 45733
1231 95015
271 168227
1165 148333
497 90592
341 98446
40 168063
831 144935
298 80864
720 109312
120 131792
1177 28100
357 88527
1172 183171
793 36940
268 50793
1001 105220
175 157245
759 34096
578 140295
443 154873
939 113241
1353 171339
479 193678
1096 79608
30 128982
683 119189
775 79328
1209 150971
283 190537
867 36322
860 58044
1158 48126
577 152580
914 55735
355 75120
1281 186317
1243 49352
593 2400
774 70471
1245 165125
1041 35087
734 163245
310 27865
1142 99960
7 93116
457 143567
272 82942
638 195621
1068 21975
718 76118
1100 156654
55 107152
727 91345
1191 47456
383 136986
879 188089
326 121103
10 86778
608 11908
344 106176
1191 187930
216 69714
1238 130854
1260 91698
300 103655
1293 35273
1348 199534
1301 130296
586 44239
912 49675
273 91109
886 41944
973 163531
458 16774
564 186410
1087 108397
107 14634
57 13659
1076 10177
457 65353
1093 86661
904 3336
1164 71896
1354 94972
1325 104694
1109 80700
934 117191
675 153170
707 148224
120 33241
1077 157947
407 154501
1009 119217
389 11980
352 11067
569 134050
753 9950
1134 197648
1340 176877
904 80960
35 105092
123 606
12 12598
980 72337
393 39519
622 62515
1091 101125
445 137576
773 29494
1017 174742
492 184692
95 48554
755 128541
402 142333
631 109023
1290 17498
711 174949
1267 8477
401 168768
758 29033
22 76060
1099 113716
1242 61594
26 10194
502 186782
803 93919
1193 2247
1240 186511
625 20163
109 125883
1030 144236
223 169520
699 28661
106 111077
1122 121347
752 102283
854 188302
274 34032
968 86812
189 76357
1120 124172
239 5367
486 166576
893 47891
479 186961
1266 122113
469 64425
1185 104574
575 4383
1323 123985
1133 177973
1196 18670
231 76298
1069 195846
670 164589
173 154777
1090 98009
623 81102
1213 195937
197 80677
1097 193702
203 71717
580 100127
929 136504
839 93712
1051 154182
336 109378
82 47838
436 190540
195 120246
802 89876
741 138939
872 160111
1196 76562
976 108547
1330 171046
425 57230
1211 173167
1249 174544
1270 141970
873 109879
624 174283
1311 88955
1275 4227
517 9142
988 94117
496 55023
1330 41017
868 66008
182 191484
802 177490
1104 176114
598 19074
532 96403
1055 77501
270 1789
1058 124401
440 182691
1336 83681
688 160271
884 69056
86 134376
459 115660
264 79820
463 75888
558 123948
18 23711
1337 110289
52 24008
220 63265
295 126462
1303 31893
776 198534
965 120365
734 159468
830 156098
765 19705
165 93763
1303 65276
981 195565
591 156718
1083 4797
746 133532
695 22435
